"DTXSID"	"Tox21"	"ToxCast"	"HTTK.Human"	"HTTK.NoFup"	"HTTK.Rat"	"EPA.Internal"	"EPA.Caco2"	"EPA.Analytical.Failed"	"Health.Canada"	"JRC.Hep"	"JRC.Fup"	"EFSA.Interest"	"ACC.Rat.Hep"	"ACC.Mouse.Hep"	"ACC.Dog.Hep"	"ACC.Rabbit.Hep"
"DTXSID0020022"	1	1	1	0	1	0	1	0	0	0	0	0	0	0	0	0
"DTXSID0020105"	1	1	0	0	0	1	0	1	0	0	0	0	0	0	0	0
"DTXSID0020107"	1	1	0	0	0	0	0	0	0	0	0	1	1	0	0	0
"DTXSID0020151"	1	1	0	0	0	1	0	0	0	0	0	0	0	0	0	0
"DTXSID0020232"	1	1	1	0	1	0	1	0	0	1	1	1	0	0	0	0
"DTXSID0020284"	1	1	0	0	0	0	0	0	1	0	0	0	0	0	0	0
"DTXSID0020286"	1	1	1	0	0	0	0	0	0	0	0	0	0	0	0	0
"DTXSID0020311"	1	1	1	0	0	0	1	0	0	0	0	0	0	0	0	0
"DTXSID0020319"	1	1	1	0	0	0	0	0	0	0	0	0	0	0	0	0
"DTXSID0020365"	1	1	1	0	1	0	0	0	0	1	1	0	0	0	0	0
"DTXSID0020440"	1	1	1	0	0	0	0	0	0	0	0	0	0	0	0	0
"DTXSID0020442"	1	1	1	0	1	0	1	0	0	0	0	0	1	0	0	0
"DTXSID0020446"	1	1	1	0	1	0	1	0	0	0	0	0	0	0	0	0
"DTXSID0020448"	1	0	1	0	1	0	0	0	0	0	0	0	0	0	0	0
"DTXSID0020494"	1	1	0	0	1	1	1	0	0	0	0	0	0	0	0	0
"DTXSID0020498"	1	1	0	0	0	1	0	0	0	0	0	0	0	0	0	0
"DTXSID0020523"	1	1	1	0	1	0	1	0	0	0	0	0	0	0	0	0
"DTXSID0020529"	1	1	1	0	0	0	0	0	0	0	0	0	0	0	0	0
"DTXSID0020573"	1	1	1	0	0	0	0	0	0	0	0	0	0	0	0	0
"DTXSID0020606"	1	1	1	0	0	0	0	0	0	0	0	0	0	0	0	0
"DTXSID0020650"	1	0	0	0	0	0	0	0	0	0	0	0	1	0	0	0
"DTXSID0020652"	1	1	1	0	0	0	1	0	0	0	0	0	0	0	0	0
"DTXSID0020654"	1	1	1	0	0	0	0	0	0	0	0	0	0	0	0	0
"DTXSID0020656"	1	1	1	0	1	0	0	0	0	0	0	0	0	0	0	0
"DTXSID0020785"	0	0	1	0	0	0	0	0	0	0	0	0	0	0	0	0
"DTXSID0020862"	1	1	0	0	0	1	0	0	0	0	0	0	0	0	0	0
"DTXSID0020868"	1	0	1	0	1	0	0	0	0	0	0	0	0	0	0	0
"DTXSID0020943"	1	1	1	0	0	0	1	0	0	0	0	0	0	0	0	0
"DTXSID0021094"	1	1	1	0	0	0	0	0	0	0	0	0	0	0	0	0
"DTXSID0021123"	1	1	1	0	0	0	0	0	0	0	0	0	0	0	0	0
"DTXSID0021125"	1	1	1	0	1	0	1	0	0	0	0	0	0	0	0	0
"DTXSID0021254"	1	1	1	0	0	0	0	0	0	0	0	0	0	0	0	0
"DTXSID0021256"	1	1	1	1	0	0	1	0	0	0	0	0	0	0	0	0
"DTXSID0021333"	1	1	0	0	0	0	0	0	0	1	1	0	0	0	0	0
"DTXSID0021337"	1	1	1	0	0	0	1	0	0	0	0	0	0	0	0	0
"DTXSID0021381"	1	0	1	0	1	0	0	0	0	0	0	0	0	0	0	0
"DTXSID0021383"	1	0	1	0	1	0	0	0	0	0	0	0	0	1	0	1
"DTXSID0021389"	1	1	1	0	0	0	1	0	0	0	0	1	0	0	0	0
"DTXSID0021414"	1	1	0	0	0	0	0	1	0	0	0	0	0	0	0	0
"DTXSID0021460"	1	1	0	0	1	0	0	0	0	0	0	0	0	0	0	0
"DTXSID0021464"	1	1	0	0	0	0	0	1	0	0	0	0	0	0	0	0
"DTXSID0021597"	1	1	0	0	0	1	0	0	0	0	0	0	0	0	0	0
"DTXSID0021832"	1	1	1	0	0	0	0	0	0	0	0	0	0	0	0	0
"DTXSID0021834"	1	1	1	0	0	0	1	0	0	0	0	0	0	0	0	0
"DTXSID0021836"	1	1	0	0	0	1	0	0	0	0	0	0	0	0	0	0
"DTXSID0021917"	1	0	1	0	1	0	0	0	0	0	0	0	0	0	0	0
"DTXSID0021961"	1	1	1	0	1	0	0	0	0	0	0	0	0	0	0	0
"DTXSID0021969"	1	1	1	0	0	0	0	0	0	0	0	0	0	0	0	0
"DTXSID0022016"	1	1	0	0	0	1	0	0	0	0	0	0	0	0	0	0
"DTXSID0022018"	1	1	1	0	0	0	0	0	0	0	0	1	1	0	0	0
"DTXSID0022353"	1	1	1	0	0	0	0	0	0	0	0	0	0	0	0	0
"DTXSID0022436"	1	1	1	0	0	0	1	0	0	0	0	0	0	0	0	0
"DTXSID0022519"	1	1	1	0	0	0	1	0	0	0	0	0	0	0	0	0
"DTXSID0022804"	0	0	1	0	0	0	0	0	0	0	0	0	0	0	0	0
"DTXSID0022808"	1	0	1	0	0	0	0	0	0	0	0	0	1	0	0	0
"DTXSID0023036"	1	0	0	0	0	0	0	0	0	0	0	0	1	0	0	0
"DTXSID0023111"	0	0	1	0	1	0	0	0	0	0	0	0	0	0	0	0
"DTXSID0023113"	1	1	1	0	0	0	1	0	0	0	0	0	0	0	0	0
"DTXSID0023169"	1	0	1	0	0	0	0	0	0	0	0	0	0	0	0	0
"DTXSID0023296"	1	1	1	0	0	0	1	0	0	0	0	0	0	0	0	0
"DTXSID0023373"	1	0	1	0	0	0	0	0	0	0	0	0	0	0	0	0
"DTXSID0023581"	1	1	1	0	0	0	0	0	0	0	0	0	0	0	0	0
"DTXSID0023745"	1	1	0	0	0	1	0	0	0	0	0	0	0	0	0	0
"DTXSID0023878"	1	1	1	0	0	0	0	0	0	0	0	1	0	0	0	0
"DTXSID0023901"	1	1	1	0	1	0	0	0	0	0	0	0	0	0	0	0
"DTXSID0023907"	1	1	1	0	0	0	0	0	0	0	0	0	0	0	0	0
"DTXSID0023951"	1	1	1	0	0	0	1	0	0	0	0	0	0	0	0	0
"DTXSID0024000"	1	1	1	0	0	0	0	0	0	0	0	0	0	0	0	0
"DTXSID0024002"	1	1	1	0	0	0	0	0	0	0	0	0	0	0	0	0
"DTXSID0024216"	1	1	1	0	0	0	0	0	0	0	0	0	0	0	0	0
"DTXSID0024266"	1	1	1	0	0	0	0	0	0	0	0	0	0	0	0	0
"DTXSID0024345"	1	1	1	0	0	0	0	0	0	0	0	0	0	0	0	0
"DTXSID0024397"	1	1	0	0	0	1	0	0	0	0	0	0	0	0	0	0
"DTXSID0025072"	0	1	0	0	0	1	0	0	0	0	0	0	0	0	0	0
"DTXSID0025101"	1	1	1	0	0	0	1	0	0	0	0	0	0	0	0	0
"DTXSID0025234"	1	1	1	0	0	0	0	0	0	0	0	0	0	0	0	0
"DTXSID0025363"	1	1	0	0	0	1	0	0	0	0	0	0	0	0	0	0
"DTXSID0025523"	1	1	0	0	0	1	0	1	0	0	0	0	0	0	0	0
"DTXSID0025604"	1	0	1	0	1	0	0	0	0	0	0	0	0	0	0	0
"DTXSID0025864"	1	1	1	0	0	0	1	0	0	0	0	0	0	0	0	0
"DTXSID0026252"	1	1	0	0	0	1	0	1	0	0	0	0	0	0	0	0
"DTXSID0026339"	1	0	0	0	0	0	0	0	0	0	0	0	1	0	0	0
"DTXSID0026882"	1	1	1	0	1	0	0	0	0	0	0	0	0	0	0	0
"DTXSID0026913"	1	1	0	0	0	1	0	0	0	0	0	0	0	0	0	0
"DTXSID0026915"	1	1	0	0	0	1	0	0	0	0	0	0	0	0	0	0
"DTXSID0027149"	1	1	0	0	0	1	0	0	0	0	0	0	0	0	0	0
"DTXSID0027195"	1	1	0	0	0	1	0	0	0	0	0	0	0	0	0	0
"DTXSID0027222"	1	1	0	0	0	1	0	0	0	0	0	0	0	0	0	0
"DTXSID0027640"	1	1	0	0	0	1	0	0	0	0	0	0	0	0	0	0
"DTXSID0027721"	1	1	1	0	0	0	0	0	0	0	0	0	0	0	0	0
"DTXSID0027983"	1	1	1	0	0	1	0	0	0	0	0	0	0	0	0	0
"DTXSID0028038"	1	1	1	0	0	0	0	0	0	0	0	0	0	0	0	0
"DTXSID0028666"	1	1	0	0	0	1	0	0	0	0	0	0	0	0	0	0
"DTXSID0032316"	1	1	0	0	0	1	0	0	0	0	0	0	1	0	0	0
"DTXSID0032493"	1	1	1	0	0	0	0	0	0	0	0	0	0	0	0	0
"DTXSID0032497"	1	1	1	0	0	0	0	0	0	0	0	0	0	0	0	0
"DTXSID0032520"	1	1	1	0	0	0	1	0	0	0	0	0	0	0	0	0
"DTXSID0032572"	1	1	0	0	0	0	0	1	0	0	0	0	0	0	0	0
"DTXSID0032601"	1	1	1	0	1	0	0	0	0	0	0	0	0	0	0	0
"DTXSID0032605"	1	1	1	1	0	0	0	0	0	0	0	0	0	0	0	0
"DTXSID0032651"	1	1	1	0	1	0	1	0	0	0	0	0	0	0	0	0
"DTXSID0032655"	1	1	1	0	1	0	1	0	0	0	0	0	0	0	0	0
"DTXSID0034192"	1	1	1	0	0	0	0	0	0	0	0	0	0	0	0	0
"DTXSID0034223"	1	1	1	1	0	0	0	0	0	0	0	0	0	0	0	0
"DTXSID0034227"	1	1	1	0	0	0	1	0	0	0	0	0	1	0	0	0
"DTXSID0034229"	1	1	0	0	0	1	0	0	0	0	0	0	0	0	0	0
"DTXSID0034300"	1	1	1	0	0	0	1	0	0	0	0	1	0	0	0	0
"DTXSID0034566"	1	1	1	0	0	0	0	1	0	0	0	1	0	0	0	0
"DTXSID0034695"	1	1	0	0	0	0	0	1	0	0	0	1	0	0	0	0
"DTXSID0034722"	1	1	0	0	0	0	0	0	0	0	0	1	0	0	0	0
"DTXSID0034803"	1	1	1	0	0	0	1	0	0	0	0	0	0	0	0	0
"DTXSID0034855"	1	1	1	1	0	0	0	0	0	0	0	0	0	0	0	0
"DTXSID0034930"	1	1	1	0	0	0	0	0	0	0	0	0	0	0	0	0
"DTXSID0035160"	1	1	0	0	0	1	0	0	0	0	0	0	0	0	0	0
"DTXSID0037237"	1	1	1	0	0	0	0	0	0	0	0	0	0	0	0	0
"DTXSID0037495"	1	1	1	0	0	0	1	0	0	0	0	0	0	0	0	0
"DTXSID0037576"	1	1	1	0	0	0	0	0	0	0	0	0	0	0	0	0
"DTXSID0038887"	1	1	1	0	0	0	1	0	0	0	0	0	0	0	0	0
"DTXSID0039223"	1	1	1	0	0	0	0	0	0	0	0	1	0	0	0	0
"DTXSID0040127"	1	1	0	0	0	1	0	0	1	0	0	0	0	0	0	0
"DTXSID0040622"	1	0	0	0	0	0	0	0	0	0	0	0	1	0	0	0
"DTXSID0040676"	1	1	1	0	0	0	0	0	0	0	0	0	0	0	0	0
"DTXSID0040701"	1	1	0	0	0	1	0	0	0	0	0	0	0	0	0	0
"DTXSID0040703"	1	1	0	0	0	1	0	0	0	0	0	0	1	0	0	0
"DTXSID0040707"	1	1	1	0	0	0	0	0	0	0	0	0	0	0	0	0
"DTXSID0040755"	0	1	1	0	0	0	0	0	0	0	0	0	0	0	0	0
"DTXSID0041436"	1	1	0	0	0	1	0	0	0	0	0	0	0	0	0	0
"DTXSID0041484"	1	1	0	0	0	1	0	0	0	0	0	0	0	0	0	0
"DTXSID0041567"	1	1	0	0	0	1	0	0	0	0	0	0	0	0	0	0
"DTXSID0042086"	1	1	1	0	0	0	1	0	0	0	0	0	0	0	0	0
"DTXSID0042400"	1	1	0	0	0	1	0	0	0	0	0	0	0	0	0	0
"DTXSID0044361"	1	1	0	0	0	0	0	0	0	1	1	0	0	0	0	0
"DTXSID0044363"	1	1	0	0	0	1	0	0	0	0	0	0	0	0	0	0
"DTXSID0044494"	1	1	0	0	0	1	0	0	0	1	0	0	0	0	0	0
"DTXSID0044571"	1	1	1	0	0	0	1	0	0	0	0	0	0	0	0	0
"DTXSID0044810"	1	1	0	0	0	1	0	0	0	0	0	0	0	0	0	0
"DTXSID0044812"	1	1	0	0	0	1	0	0	0	0	0	0	0	0	0	0
"DTXSID0044818"	1	1	0	0	0	1	0	0	0	1	1	0	0	0	0	0
"DTXSID0044997"	1	1	0	0	0	1	0	0	0	1	1	0	0	0	0	0
"DTXSID0045127"	1	0	1	0	0	0	0	0	0	0	0	0	0	0	0	0
"DTXSID0047111"	1	1	0	0	0	0	0	1	0	0	0	0	0	0	0	0
"DTXSID0047113"	1	1	0	0	0	0	0	0	0	1	1	0	0	0	0	0
"DTXSID0047167"	1	1	0	0	0	0	0	1	0	0	0	0	0	0	0	0
"DTXSID0047240"	0	1	0	0	0	0	0	0	0	0	0	1	0	0	0	0
"DTXSID0047246"	1	1	1	0	0	0	0	0	0	0	0	0	0	0	0	0
"DTXSID0047296"	1	1	0	0	0	0	1	0	0	0	0	0	0	0	0	0
"DTXSID0047456"	1	1	0	0	0	1	0	1	0	0	0	0	0	0	0	0
"DTXSID0047537"	1	1	0	0	0	0	0	1	0	0	0	0	0	0	0	0
"DTXSID0047749"	1	1	0	0	0	1	0	0	0	0	0	0	0	0	0	0
"DTXSID0047957"	1	1	0	0	0	0	0	1	0	0	0	0	0	0	0	0
"DTXSID0048181"	1	1	1	0	0	0	1	0	0	0	0	0	0	0	0	0
"DTXSID0048183"	1	1	1	0	0	0	1	0	0	0	0	0	0	0	0	0
"DTXSID0048185"	1	1	1	0	0	0	1	0	0	0	0	0	0	0	0	0
"DTXSID0048189"	1	1	1	0	0	0	0	0	0	0	0	0	1	0	0	0
"DTXSID0048505"	1	1	1	0	0	0	0	0	0	0	0	0	0	0	0	0
"DTXSID0052594"	1	1	0	0	0	1	0	0	0	0	0	0	0	0	0	0
"DTXSID00861411"	0	0	0	0	1	0	0	0	0	0	0	0	0	0	0	0
"DTXSID00872663"	0	1	1	0	0	0	0	0	0	0	0	0	0	0	0	0
"DTXSID10198927"	0	0	1	0	0	0	0	0	0	0	0	0	0	0	0	0
"DTXSID1020069"	1	1	1	0	0	0	0	0	0	0	0	0	0	0	0	0
"DTXSID1020140"	1	1	0	0	0	1	0	1	0	0	0	1	0	0	0	0
"DTXSID1020142"	1	1	0	0	0	1	0	0	0	1	1	0	0	0	0	0
"DTXSID1020144"	1	1	0	0	0	1	0	0	0	0	0	0	0	0	0	0
"DTXSID1020148"	1	1	0	0	0	0	0	1	0	0	0	0	0	0	0	0
"DTXSID1020194"	1	1	0	0	0	0	0	1	0	0	0	0	0	0	0	0
"DTXSID1020221"	1	1	1	0	0	0	0	0	0	0	0	0	0	0	0	0
"DTXSID1020306"	1	0	1	0	1	0	0	0	0	0	0	0	0	0	0	0
"DTXSID1020350"	1	1	1	0	0	0	1	0	0	0	0	0	0	0	0	0
"DTXSID1020358"	1	0	0	0	0	0	0	0	0	0	0	0	1	0	0	0
"DTXSID1020431"	1	1	1	0	0	0	0	0	0	0	0	0	1	0	0	0
"DTXSID1020439"	1	1	0	0	0	0	0	0	0	0	0	0	1	0	0	0
"DTXSID1020485"	1	1	1	0	0	0	1	0	0	0	0	0	0	0	0	0
"DTXSID1020510"	1	1	1	1	0	0	0	0	0	0	0	0	0	0	0	0
"DTXSID1020516"	1	1	0	0	0	1	0	1	0	0	0	0	0	0	0	0
"DTXSID1020560"	1	1	1	1	0	0	0	1	0	0	0	1	0	0	0	0
"DTXSID1020566"	1	0	0	0	0	0	0	0	0	0	0	0	1	0	0	0
"DTXSID1020643"	0	0	0	0	0	0	0	0	0	0	0	0	1	0	0	0
"DTXSID1020699"	1	1	0	0	0	1	0	1	0	0	0	0	0	0	0	0
"DTXSID1020770"	1	1	0	0	1	0	0	1	0	0	0	1	0	0	0	0
"DTXSID1020778"	1	1	0	0	0	1	0	1	0	0	0	0	0	0	0	0
"DTXSID1020807"	1	1	1	0	0	0	0	0	0	0	0	0	0	0	0	0
"DTXSID1020855"	1	1	1	0	0	0	0	0	0	0	0	1	1	0	0	0
"DTXSID1020930"	1	1	1	0	0	0	0	0	0	0	0	1	0	0	0	0
"DTXSID1020932"	1	1	1	0	0	1	0	0	0	0	0	0	1	0	0	0
"DTXSID1021031"	1	1	1	0	0	0	0	0	0	0	0	0	0	0	0	0
"DTXSID1021087"	1	1	1	0	0	0	1	0	0	0	0	0	0	0	0	0
"DTXSID1021116"	1	1	1	0	1	0	1	0	0	0	0	0	0	0	0	0
"DTXSID1021160"	1	1	1	0	0	0	0	0	0	0	0	0	0	0	0	0
"DTXSID1021166"	1	1	1	1	0	0	0	0	0	0	0	0	0	0	0	0
"DTXSID1021243"	1	1	1	0	0	0	1	0	0	0	0	0	0	0	0	0
"DTXSID1021247"	1	1	1	0	0	0	0	0	0	0	0	0	0	0	0	0
"DTXSID1021299"	1	1	1	0	0	0	0	0	0	0	0	0	0	0	0	0
"DTXSID1021322"	1	1	0	0	0	1	0	0	0	1	1	0	0	1	0	1
"DTXSID1021324"	0	0	1	0	1	0	0	0	0	0	0	0	0	0	0	0
"DTXSID1021328"	1	1	1	0	1	0	0	0	0	0	0	0	0	0	0	0
"DTXSID1021378"	1	1	0	0	0	0	0	1	0	0	0	0	0	0	0	0
"DTXSID1021403"	1	1	0	0	1	1	0	0	0	0	0	0	0	0	0	0
"DTXSID1021409"	1	1	1	1	0	0	0	1	0	0	0	0	0	0	0	0
"DTXSID1021455"	1	1	0	0	0	0	0	1	0	0	0	0	0	0	0	0
"DTXSID1021790"	1	1	0	0	0	1	0	0	0	0	0	0	0	0	0	0
"DTXSID1021798"	1	1	1	0	0	0	0	0	0	0	0	0	0	0	0	0
"DTXSID1021827"	1	0	0	0	0	0	0	0	0	0	0	0	1	0	0	0
"DTXSID1021871"	1	1	0	0	0	1	0	1	0	0	0	0	0	0	0	0
"DTXSID1021877"	1	1	0	0	0	1	0	1	0	0	0	0	0	0	0	0
"DTXSID1021904"	1	1	0	0	0	1	0	0	0	0	0	0	0	0	0	0
"DTXSID1021952"	1	1	1	0	0	0	1	0	0	0	0	0	0	0	0	0
"DTXSID1021956"	1	1	1	0	0	0	0	0	0	0	0	0	0	0	0	0
"DTXSID1022053"	1	1	1	0	1	0	0	1	0	0	0	0	0	0	0	0
"DTXSID1022055"	1	1	0	0	0	0	0	0	0	0	0	0	1	0	0	0
"DTXSID1022180"	1	1	0	0	0	1	0	0	0	0	0	0	0	0	0	0
"DTXSID1022265"	1	1	1	0	1	0	0	0	0	0	0	0	0	0	0	0
"DTXSID1022267"	1	1	1	0	0	0	1	0	0	0	0	0	0	0	0	0
"DTXSID1022394"	1	1	1	0	0	0	1	0	0	0	0	0	0	0	0	0
"DTXSID1022396"	1	1	1	0	0	0	1	0	0	0	0	0	0	0	0	0
"DTXSID1022421"	1	1	1	0	0	0	0	0	0	0	0	0	0	0	0	0
"DTXSID1022508"	1	1	0	0	0	0	0	1	0	0	0	0	0	0	0	0
"DTXSID1022687"	1	0	1	0	0	0	0	0	0	0	0	0	0	0	0	0
"DTXSID1022845"	0	0	1	0	1	0	0	0	0	0	0	0	0	0	0	0
"DTXSID1023235"	1	1	0	0	0	1	0	0	0	0	0	1	0	0	0	0
"DTXSID1023449"	0	0	0	0	0	0	0	0	0	0	0	0	1	0	0	0
"DTXSID1023524"	0	0	1	0	0	0	0	0	0	0	0	0	0	0	0	0
"DTXSID1023819"	1	1	0	0	0	0	0	1	0	0	0	0	0	0	0	0
"DTXSID1023869"	1	1	1	0	1	0	1	0	0	0	0	0	0	0	0	0
"DTXSID1023990"	1	1	1	0	0	0	1	0	0	0	0	0	0	0	0	0
"DTXSID1023996"	1	1	0	0	0	0	0	1	0	0	0	0	0	0	0	0
"DTXSID1023998"	1	1	0	0	1	0	0	1	0	0	0	1	0	0	0	0
"DTXSID1024049"	1	1	1	0	0	0	0	0	0	0	0	0	0	0	0	0
"DTXSID1024091"	1	1	1	1	0	0	0	0	0	0	0	0	0	0	0	0
"DTXSID1024097"	1	1	1	0	1	1	0	1	0	0	0	0	0	0	0	0
"DTXSID1024122"	0	0	0	0	0	0	0	0	0	0	0	0	1	0	0	0
"DTXSID1024124"	1	1	0	0	0	0	0	0	0	0	0	0	1	0	0	0
"DTXSID1024126"	1	1	1	0	0	0	0	0	0	0	0	0	0	0	0	0
"DTXSID1024128"	1	0	0	0	0	0	0	0	0	0	0	0	1	0	0	0
"DTXSID1024170"	1	1	0	0	0	0	0	1	0	0	0	1	0	0	0	0
"DTXSID1024174"	1	1	1	0	0	0	0	0	0	0	0	0	1	0	0	0
"DTXSID1024209"	1	1	0	0	0	0	0	1	0	0	0	0	0	0	0	0
"DTXSID1024259"	1	1	1	0	0	0	0	0	0	0	0	0	0	0	0	0
"DTXSID1024338"	1	1	1	0	0	0	1	0	0	0	0	0	0	0	0	0
"DTXSID1024598"	1	1	1	0	0	0	0	0	0	0	0	0	0	0	0	0
"DTXSID1024704"	1	1	0	0	0	1	0	0	0	0	0	0	0	0	0	0
"DTXSID1024835"	1	1	0	0	0	1	0	0	0	0	0	0	0	0	0	0
"DTXSID1025271"	1	1	1	0	0	0	1	0	0	0	0	0	0	0	0	0
"DTXSID1025300"	1	1	0	0	0	0	0	0	0	0	0	1	0	0	0	0
"DTXSID1025302"	1	1	0	0	0	1	0	0	1	0	0	0	0	0	0	0
"DTXSID1025433"	1	1	0	0	0	1	0	0	0	0	0	0	0	0	0	0
"DTXSID1025726"	1	1	0	0	0	1	0	0	0	0	0	0	0	0	0	0
"DTXSID1025805"	1	1	1	0	0	0	0	0	0	0	0	0	0	0	0	0
"DTXSID1025809"	1	1	0	0	0	1	0	0	0	0	0	0	0	0	0	0
"DTXSID1025857"	1	1	0	0	0	1	0	0	0	0	0	0	0	0	0	0
"DTXSID1026035"	1	1	1	0	0	0	1	0	0	0	0	0	0	0	0	0
"DTXSID1026081"	1	1	1	0	0	0	0	0	0	0	0	1	0	0	0	0
"DTXSID1026164"	1	1	1	0	0	0	0	0	0	0	0	0	0	0	0	0
"DTXSID1026241"	1	1	0	0	0	0	0	0	0	0	0	0	1	0	0	0
"DTXSID1026792"	1	1	1	0	0	0	0	0	0	0	0	0	0	0	0	0
"DTXSID1026900"	1	1	1	0	0	0	0	0	0	0	0	0	0	0	0	0
"DTXSID1026906"	1	1	1	0	0	0	0	0	0	0	0	0	0	0	0	0
"DTXSID1026908"	1	1	0	0	0	1	0	0	0	0	0	0	0	0	0	0
"DTXSID1027134"	1	1	0	0	0	1	0	0	0	1	0	0	0	0	0	0
"DTXSID1027184"	1	1	0	0	0	0	0	0	0	0	0	1	0	0	0	0
"DTXSID1027263"	1	1	0	0	0	1	0	0	0	0	0	0	0	0	0	0
"DTXSID1027267"	1	1	0	0	0	1	0	0	0	0	0	0	0	0	0	0
"DTXSID1027390"	1	1	0	0	0	1	0	0	0	0	0	0	0	0	0	0
"DTXSID1027479"	1	1	0	0	0	1	0	0	0	0	0	0	0	0	0	0
"DTXSID1027633"	1	1	0	0	0	1	0	0	0	0	0	0	0	0	0	0
"DTXSID1027635"	1	1	1	0	0	0	0	0	0	0	0	0	0	0	0	0
"DTXSID1029124"	1	1	0	0	0	1	0	0	0	0	0	0	0	0	0	0
"DTXSID1029677"	1	1	0	0	0	1	0	0	0	0	0	0	0	0	0	0
"DTXSID1029889"	1	1	0	0	0	0	1	0	0	0	0	0	0	0	0	0
"DTXSID1032355"	1	1	1	0	0	0	1	0	0	0	0	0	0	0	0	0
"DTXSID1032359"	1	1	1	0	1	0	1	0	0	0	0	0	0	0	0	0
"DTXSID1032482"	1	1	1	1	0	0	0	0	0	0	0	0	0	0	0	0
"DTXSID1032488"	1	1	1	0	0	0	0	0	0	0	0	0	0	0	0	0
"DTXSID1032519"	1	1	1	0	0	0	0	0	0	0	0	1	0	0	0	0
"DTXSID1032569"	1	1	1	0	0	0	1	0	0	0	0	0	0	0	0	0
"DTXSID1032640"	1	1	1	0	0	0	0	0	0	0	0	0	0	0	0	0
"DTXSID1032642"	1	1	1	0	1	0	0	0	0	0	0	0	0	0	0	0
"DTXSID1032646"	1	1	1	0	0	1	0	0	0	0	0	0	0	0	0	0
"DTXSID1032690"	1	1	1	1	0	0	0	0	0	0	0	1	0	0	0	0
"DTXSID1033664"	1	1	1	0	1	0	1	0	0	0	0	0	0	0	0	0
"DTXSID1034181"	1	1	1	0	0	0	0	0	0	0	0	0	0	0	0	0
"DTXSID1034187"	1	1	1	0	1	0	0	0	0	0	0	0	0	0	0	0
"DTXSID1034210"	1	1	1	1	0	0	0	0	0	0	0	0	0	0	0	0
"DTXSID1034212"	1	1	1	0	0	0	1	0	0	0	0	0	0	0	0	0
"DTXSID1034503"	1	1	0	0	0	0	0	1	0	0	0	0	0	0	0	0
"DTXSID1034634"	1	1	1	0	0	0	1	0	0	0	0	0	0	0	0	0
"DTXSID1034973"	1	1	1	0	0	0	1	0	0	0	0	0	0	0	0	0
"DTXSID1036541"	1	1	0	0	0	0	0	0	1	0	0	0	0	0	0	0
"DTXSID1037197"	1	0	0	0	0	0	0	0	0	0	0	1	0	0	0	0
"DTXSID1037272"	1	1	1	0	0	0	1	0	0	0	0	0	0	0	0	0
"DTXSID1037303"	1	1	1	0	0	0	1	0	0	0	0	0	0	0	0	0
"DTXSID1038321"	1	1	1	0	0	0	1	0	0	0	0	0	0	0	0	0
"DTXSID1038822"	1	1	0	0	0	0	0	0	0	0	1	0	0	0	0	0
"DTXSID1039719"	1	1	0	0	0	1	0	0	0	0	0	0	0	0	0	0
"DTXSID1040245"	1	1	0	0	0	0	0	0	1	0	0	0	0	0	0	0
"DTXSID1040372"	1	1	1	0	0	0	0	0	0	0	0	0	0	0	0	0
"DTXSID1040742"	1	1	1	0	0	0	1	0	0	0	0	1	0	0	0	0
"DTXSID1040792"	1	1	0	0	0	1	0	0	0	0	0	0	0	0	0	0
"DTXSID1041508"	1	1	1	0	1	0	1	0	0	0	0	0	0	0	0	0
"DTXSID1041847"	1	1	1	0	0	0	0	0	0	0	0	0	0	0	0	0
"DTXSID1041891"	1	1	0	0	0	1	0	0	0	0	0	0	0	0	0	0
"DTXSID1042077"	1	1	1	0	0	0	0	0	0	0	0	0	0	0	0	0
"DTXSID1042154"	1	1	1	0	0	0	0	0	0	0	0	0	0	0	0	0
"DTXSID1042574"	1	1	1	0	0	0	1	0	0	0	0	0	0	0	0	0
"DTXSID1043835"	0	0	1	0	0	0	0	0	0	0	0	0	0	0	0	0
"DTXSID1043881"	1	0	1	0	0	0	0	0	0	0	0	0	0	0	0	0
"DTXSID1044352"	1	1	0	0	0	1	0	0	0	0	1	0	0	0	0	0
"DTXSID1044354"	1	1	0	0	0	1	0	0	0	1	1	0	0	0	0	0
"DTXSID1044435"	1	1	0	0	0	1	0	0	0	0	0	0	0	0	0	0
"DTXSID1044564"	1	1	1	0	0	0	1	0	0	0	0	0	0	0	0	0
"DTXSID1044568"	1	1	0	0	0	1	0	0	0	0	0	0	0	0	0	0
"DTXSID1044643"	1	1	1	0	0	0	0	0	0	0	0	0	0	0	0	0
"DTXSID1044697"	1	1	0	0	0	1	0	0	0	0	0	0	0	0	0	0
"DTXSID1044699"	0	1	0	0	0	1	0	0	0	0	0	0	0	0	0	0
"DTXSID1044774"	1	1	0	0	0	1	0	0	0	0	0	0	0	0	0	0
"DTXSID1044934"	1	1	0	0	0	1	0	0	0	0	0	0	0	0	0	0
"DTXSID1044938"	1	1	0	0	0	0	0	0	0	0	1	0	0	0	0	0
"DTXSID1045116"	1	0	1	0	0	0	0	0	0	0	0	0	0	0	0	0
"DTXSID1045118"	1	0	1	0	0	0	0	0	0	0	0	0	0	0	0	0
"DTXSID1045166"	1	0	1	0	0	0	0	0	0	0	0	0	0	0	0	0
"DTXSID1045536"	1	0	1	0	0	0	0	0	0	0	0	0	0	0	0	0
"DTXSID1046970"	1	1	1	0	0	0	1	0	0	0	0	0	0	0	0	0
"DTXSID1047285"	1	1	1	0	0	0	1	0	0	0	0	0	0	0	0	0
"DTXSID1047576"	1	1	1	0	0	0	1	0	0	0	0	1	0	0	0	0
"DTXSID1048122"	1	1	1	0	0	0	0	0	0	0	0	0	0	0	0	0
"DTXSID1048627"	1	0	1	0	1	0	0	0	0	0	0	0	0	0	0	0
"DTXSID10873368"	0	0	1	0	0	0	0	0	0	0	0	0	0	0	0	0
"DTXSID2020006"	1	1	1	0	1	0	0	0	0	1	1	1	0	0	0	0
"DTXSID2020137"	1	1	1	0	0	0	1	0	0	0	0	0	0	0	0	0
"DTXSID2020139"	1	0	1	0	1	0	0	0	0	1	1	0	0	0	0	0
"DTXSID2020183"	0	0	0	0	0	0	0	0	0	0	0	0	1	0	0	0
"DTXSID2020212"	1	1	1	0	0	0	1	0	0	0	0	0	0	0	0	0
"DTXSID2020262"	1	1	0	0	0	0	0	0	0	0	0	1	0	0	0	0
"DTXSID2020266"	1	1	0	0	0	1	0	0	0	0	0	0	0	0	0	0
"DTXSID2020341"	1	1	1	0	0	0	0	0	0	0	0	0	0	0	0	0
"DTXSID2020347"	1	1	1	0	0	0	0	0	0	0	0	0	0	0	0	0
"DTXSID2020420"	1	1	1	0	1	0	0	0	0	0	0	0	0	0	0	0
"DTXSID2020426"	1	1	1	1	0	0	0	0	0	0	0	0	0	0	0	0
"DTXSID2020501"	1	1	0	0	0	0	0	1	0	0	0	0	0	0	0	0
"DTXSID2020505"	1	1	0	0	0	1	0	0	0	0	0	0	0	0	0	0
"DTXSID2020634"	1	1	0	0	0	1	0	1	0	0	0	1	0	0	0	0
"DTXSID2020686"	1	1	1	0	1	0	0	0	0	0	0	0	0	0	0	0
"DTXSID2020688"	1	1	1	0	0	0	1	0	0	0	0	0	0	0	0	0
"DTXSID2020713"	1	1	1	0	0	0	1	0	0	0	0	0	0	0	0	0
"DTXSID2020894"	1	1	1	0	0	0	0	0	0	0	0	0	0	0	0	0
"DTXSID2020921"	1	1	1	0	0	0	1	0	0	0	0	0	0	0	0	0
"DTXSID2020929"	1	1	0	0	0	1	0	0	0	0	0	0	0	0	0	0
"DTXSID2020971"	1	1	0	0	0	0	0	0	0	1	1	0	0	0	0	0
"DTXSID2021026"	1	1	1	0	0	0	0	0	0	0	0	0	0	0	0	0
"DTXSID2021101"	0	0	0	0	0	0	0	0	0	0	0	0	1	0	0	0
"DTXSID2021105"	1	1	1	1	0	0	0	0	0	0	0	0	0	0	0	0
"DTXSID2021151"	1	1	1	0	0	0	0	0	0	0	0	0	0	0	0	0
"DTXSID2021159"	1	1	0	0	0	0	0	0	0	0	0	0	1	0	0	0
"DTXSID2021232"	1	0	0	0	0	0	0	0	0	0	0	0	1	0	0	0
"DTXSID2021238"	1	1	1	0	0	0	0	0	0	0	0	0	0	0	0	0
"DTXSID2021284"	1	0	1	0	1	0	0	0	0	0	0	0	0	0	0	0
"DTXSID2021288"	1	1	0	0	0	0	0	1	0	0	0	0	1	0	0	0
"DTXSID2021311"	1	1	0	0	0	0	1	0	0	0	0	0	0	0	0	0
"DTXSID2021317"	1	0	0	0	0	0	0	0	0	0	0	0	1	0	0	0
"DTXSID2021319"	1	0	1	0	1	0	0	0	0	0	0	0	1	0	0	0
"DTXSID2021367"	1	1	0	0	0	0	0	1	0	0	0	0	0	0	0	0
"DTXSID2021440"	1	1	1	0	0	0	0	0	0	0	0	0	0	0	0	0
"DTXSID2021575"	1	1	0	0	1	0	0	0	0	0	0	0	0	0	0	0
"DTXSID2021600"	1	1	0	0	0	1	0	0	0	0	0	0	0	0	0	0
"DTXSID2021602"	1	1	0	0	0	1	0	0	0	0	0	0	0	0	0	0
"DTXSID2021604"	1	1	0	0	0	1	0	0	0	0	0	0	0	0	0	0
"DTXSID2021650"	1	1	0	0	0	1	0	0	0	0	0	0	0	0	0	0
"DTXSID2021654"	1	1	0	0	0	1	0	0	0	0	0	0	0	0	0	0
"DTXSID2021731"	1	0	1	0	1	0	0	0	0	0	0	0	1	0	0	0
"DTXSID2021735"	1	1	0	0	0	1	0	0	0	0	0	0	0	0	0	0
"DTXSID2021781"	1	1	1	0	0	0	0	0	0	0	0	0	1	0	0	0
"DTXSID2021864"	1	1	0	0	1	1	0	1	0	0	0	0	0	0	0	0
"DTXSID2021866"	1	1	1	0	0	0	0	0	0	0	0	0	0	0	0	0
"DTXSID2021947"	1	1	0	0	0	1	0	0	0	0	0	0	0	0	0	0
"DTXSID2021993"	1	1	1	1	1	0	0	1	0	0	0	0	0	0	0	0
"DTXSID2021995"	1	1	1	0	0	0	1	0	0	0	0	0	0	0	1	0
"DTXSID2022121"	1	1	1	0	1	0	1	0	0	0	0	0	0	0	0	0
"DTXSID2022179"	1	1	1	0	0	0	0	0	0	0	0	0	0	0	0	0
"DTXSID2022254"	1	1	1	0	0	0	0	0	0	0	0	0	0	0	0	0
"DTXSID2022333"	1	1	0	0	0	1	0	0	0	0	0	0	0	0	0	0
"DTXSID2022381"	1	1	1	0	1	0	0	0	0	0	0	0	0	0	0	0
"DTXSID2022628"	1	1	1	0	0	0	0	0	0	0	0	0	0	0	0	0
"DTXSID2022674"	1	0	1	0	0	0	0	0	0	0	0	0	0	0	0	0
"DTXSID2022678"	1	1	1	0	0	0	0	0	0	0	0	0	0	0	0	0
"DTXSID2022703"	0	0	1	0	0	0	0	0	0	0	0	0	0	0	0	0
"DTXSID2022705"	0	0	1	0	0	0	0	0	0	0	0	0	0	0	0	0
"DTXSID2022707"	1	1	1	0	0	0	1	0	0	0	0	1	0	0	0	0
"DTXSID2023064"	1	0	1	0	0	0	0	0	0	0	0	0	0	0	0	0
"DTXSID2023068"	1	0	1	0	0	0	0	0	0	0	0	0	0	0	0	0
"DTXSID2023191"	0	0	1	0	0	0	0	0	0	0	0	0	0	0	0	0
"DTXSID2023224"	1	1	1	0	0	0	0	0	0	0	0	0	0	0	0	0
"DTXSID2023226"	0	0	1	0	0	0	0	0	0	0	0	0	0	0	0	0
"DTXSID2023270"	1	1	0	0	0	0	0	0	0	0	0	1	0	0	0	0
"DTXSID2023309"	1	1	1	0	1	0	0	0	0	0	0	1	0	0	0	0
"DTXSID2023430"	1	1	0	0	0	1	0	0	0	0	0	0	0	0	0	0
"DTXSID2023517"	0	0	1	0	0	0	0	0	0	0	0	0	0	0	0	0
"DTXSID2023648"	0	1	0	0	0	1	0	0	0	0	0	0	0	0	0	0
"DTXSID2024086"	1	1	1	0	0	0	0	0	0	0	0	0	0	0	0	0
"DTXSID2024113"	1	0	0	0	0	0	0	0	0	0	0	0	1	0	0	0
"DTXSID2024163"	1	1	1	0	0	0	1	0	0	0	0	0	0	0	0	0
"DTXSID2024242"	1	1	1	0	0	0	1	0	0	0	0	0	0	0	0	0
"DTXSID2024666"	1	1	0	0	0	1	0	0	0	0	0	0	0	0	0	0
"DTXSID2024793"	1	1	1	0	0	0	0	0	0	0	0	0	0	0	0	0
"DTXSID2024955"	1	1	0	0	0	1	0	0	0	0	0	0	0	0	0	0
"DTXSID2025050"	1	1	0	0	0	1	0	0	0	1	1	0	0	0	0	0
"DTXSID2025347"	1	1	0	0	0	0	0	1	0	0	0	0	0	0	0	0
"DTXSID2025391"	1	0	0	0	0	0	0	0	0	0	0	0	1	0	0	0
"DTXSID2025428"	0	0	0	0	0	0	0	0	0	0	0	0	1	0	0	0
"DTXSID2025478"	1	1	0	0	0	1	0	0	0	0	0	0	0	0	0	0
"DTXSID2025505"	1	1	0	0	0	1	0	0	0	0	0	0	0	0	0	0
"DTXSID2025680"	1	1	1	0	0	0	1	0	0	0	0	0	1	0	0	0
"DTXSID2025715"	1	0	1	0	0	0	0	0	0	0	0	0	0	0	0	0
"DTXSID2025892"	1	1	1	0	0	0	0	0	0	1	1	0	0	0	0	0
"DTXSID2026076"	1	1	1	0	0	0	0	0	0	0	0	0	0	0	0	0
"DTXSID2026238"	1	1	0	0	0	1	0	0	0	0	0	0	1	0	0	0
"DTXSID2026446"	1	1	1	0	0	0	0	0	0	0	0	0	0	0	0	0
"DTXSID2026523"	1	1	0	0	0	0	0	1	0	0	0	0	0	0	0	0
"DTXSID2026525"	1	1	1	0	0	0	0	0	0	0	0	0	0	0	0	0
"DTXSID2026529"	1	1	1	0	0	0	0	0	0	0	0	0	0	0	0	0
"DTXSID2026602"	1	1	1	0	0	0	0	0	0	0	0	0	0	0	0	0
"DTXSID2026864"	1	1	0	0	0	1	0	0	0	0	0	0	0	0	0	0
"DTXSID2026997"	1	1	0	0	0	1	0	0	0	0	0	0	0	0	0	0
"DTXSID2027200"	1	1	1	0	0	0	0	0	0	0	0	0	0	0	0	0
"DTXSID2027204"	1	1	0	0	0	0	0	1	0	0	0	0	0	0	0	0
"DTXSID2027206"	1	1	0	0	0	1	0	0	0	0	0	0	0	0	0	0
"DTXSID2027414"	1	1	1	0	0	0	1	0	0	0	0	0	0	0	0	0
"DTXSID2027593"	1	1	0	0	0	0	0	1	0	0	0	0	0	0	0	0
"DTXSID2027963"	1	1	0	0	0	1	0	0	0	0	0	0	0	0	0	0
"DTXSID2029246"	1	1	0	0	0	1	0	0	0	1	1	0	0	0	0	0
"DTXSID2029329"	1	1	0	0	0	1	0	0	0	0	0	0	0	0	0	0
"DTXSID2029612"	1	1	0	0	0	1	0	0	0	0	0	0	0	0	0	0
"DTXSID2029616"	1	1	0	0	0	1	0	0	0	0	0	0	0	0	0	0
"DTXSID2029874"	1	1	1	0	0	0	0	0	0	0	0	0	0	0	0	0
"DTXSID2032180"	1	0	1	1	0	0	0	0	0	0	0	0	0	0	0	0
"DTXSID2032342"	1	1	0	0	0	0	0	0	0	0	0	0	1	0	0	0
"DTXSID2032344"	1	1	1	0	0	0	0	0	0	0	0	0	0	0	0	0
"DTXSID2032348"	1	1	1	0	0	0	1	0	0	0	0	0	0	0	0	0
"DTXSID2032390"	1	1	1	0	1	0	1	0	0	0	0	0	0	0	0	0
"DTXSID2032392"	1	1	1	1	0	0	0	0	0	0	0	0	0	0	0	0
"DTXSID2032398"	1	1	1	0	1	0	0	0	0	0	0	0	0	0	0	0
"DTXSID2032500"	1	1	1	0	1	0	0	0	0	0	0	0	0	0	0	0
"DTXSID2032502"	0	1	1	0	0	0	0	0	0	0	0	0	0	0	0	0
"DTXSID2032550"	1	1	1	0	0	0	0	0	0	0	0	0	0	0	0	0
"DTXSID2032552"	1	1	1	0	1	0	0	0	0	0	0	1	0	0	0	0
"DTXSID2032637"	1	1	1	0	0	0	1	0	0	0	0	1	0	0	0	0
"DTXSID2032683"	1	1	1	0	0	0	0	0	0	0	0	0	0	0	0	0
"DTXSID2034259"	1	1	0	0	0	1	0	0	0	0	0	0	0	0	0	0
"DTXSID2034465"	1	1	1	0	0	0	1	0	0	0	0	1	0	0	0	0
"DTXSID2034590"	1	1	1	0	0	0	1	0	0	0	0	1	0	0	0	0
"DTXSID2034598"	1	1	1	0	0	0	0	0	0	0	0	0	0	0	0	0
"DTXSID2034625"	1	1	1	0	0	0	1	0	0	0	0	0	0	0	0	0
"DTXSID2034627"	1	1	1	0	0	0	0	0	0	0	0	0	0	0	0	0
"DTXSID2034673"	1	1	1	0	0	0	1	0	0	0	0	0	0	0	0	0
"DTXSID2034881"	1	1	1	1	0	0	0	0	0	0	0	0	0	0	0	0
"DTXSID2034962"	1	1	1	0	0	0	1	0	0	0	0	1	0	0	0	0
"DTXSID2036299"	1	1	1	0	0	0	0	0	0	0	0	0	0	0	0	0
"DTXSID2037712"	1	1	1	0	0	0	0	0	0	0	0	0	0	0	0	0
"DTXSID2037714"	1	1	1	0	0	0	0	0	0	0	0	0	0	0	0	0
"DTXSID2038732"	1	1	0	0	0	1	0	0	0	0	0	0	0	0	0	0
"DTXSID2039336"	1	1	1	0	1	0	0	0	0	0	0	1	0	0	0	0
"DTXSID2040361"	1	1	0	0	0	0	0	1	0	0	0	0	0	0	0	0
"DTXSID2040363"	1	1	1	0	0	0	1	0	0	0	0	0	0	0	0	0
"DTXSID2041200"	1	1	0	0	0	0	0	0	0	1	0	0	0	0	0	0
"DTXSID2041250"	1	1	1	0	0	0	0	0	0	0	0	0	0	0	0	0
"DTXSID2041464"	1	1	0	0	0	0	0	0	0	0	0	1	0	0	0	0
"DTXSID2042060"	1	1	0	0	0	1	0	0	0	0	0	0	0	0	0	0
"DTXSID2042436"	1	1	1	0	0	0	1	0	0	0	0	0	0	0	0	0
"DTXSID2044347"	1	1	0	0	0	1	0	0	0	0	0	0	0	0	0	0
"DTXSID2044391"	1	1	0	0	0	1	0	0	0	0	0	0	0	0	0	0
"DTXSID2044420"	1	1	1	0	0	0	0	0	0	0	0	0	0	0	0	0
"DTXSID2044470"	1	1	0	0	0	1	0	0	0	0	0	0	0	0	0	0
"DTXSID2044890"	1	1	1	0	0	0	1	0	0	0	0	0	0	0	0	0
"DTXSID2044927"	1	1	0	0	0	1	0	0	0	0	0	0	0	0	0	0
"DTXSID2044971"	1	1	0	0	0	0	0	1	0	0	0	0	0	0	0	0
"DTXSID2045232"	1	1	0	0	0	0	0	1	0	0	0	0	0	0	0	0
"DTXSID2046624"	1	0	1	0	0	0	0	0	0	0	0	0	0	0	0	0
"DTXSID2046759"	1	0	1	0	1	0	0	0	0	0	0	0	0	0	0	0
"DTXSID2047064"	1	1	0	0	0	1	0	0	0	0	0	0	0	0	0	0
"DTXSID2047068"	1	1	0	0	0	1	0	0	0	0	0	0	0	0	0	0
"DTXSID2047199"	1	1	1	0	0	0	0	0	0	0	0	0	0	0	0	0
"DTXSID2047270"	1	1	1	0	0	0	1	0	0	0	0	0	0	0	0	0
"DTXSID2047272"	1	1	1	0	0	0	0	0	0	0	0	0	0	0	0	0
"DTXSID2047307"	1	1	1	0	0	0	1	0	0	0	0	0	0	0	0	0
"DTXSID2047353"	1	1	1	0	0	0	0	0	0	0	0	0	0	0	0	0
"DTXSID2047355"	1	1	1	0	0	0	1	0	0	0	0	0	0	0	0	0
"DTXSID2047357"	1	1	1	0	0	0	0	0	0	0	0	0	0	0	0	0
"DTXSID2047511"	1	1	0	0	0	1	0	0	0	0	0	0	0	0	0	0
"DTXSID2047644"	1	1	0	0	0	1	0	0	0	0	0	0	0	0	0	0
"DTXSID2048167"	1	1	1	0	0	0	0	0	0	0	0	0	0	0	0	0
"DTXSID2048539"	0	0	1	0	0	0	0	0	0	0	0	0	0	0	0	0
"DTXSID2050403"	1	1	0	0	0	1	0	0	0	0	0	0	0	0	0	0
"DTXSID2052655"	0	1	0	0	0	1	0	0	0	0	0	0	0	0	0	0
"DTXSID20859299"	0	0	1	0	0	0	0	0	0	0	0	0	0	0	0	0
"DTXSID30166683"	0	0	1	0	0	0	0	0	0	0	0	0	0	0	0	0
"DTXSID3020043"	1	1	0	0	0	1	0	0	0	0	0	0	0	0	0	0
"DTXSID3020047"	1	1	0	0	0	1	0	0	0	0	0	0	0	0	0	0
"DTXSID3020091"	1	1	0	0	0	1	0	0	0	0	0	0	0	0	0	0
"DTXSID3020122"	1	1	1	0	0	0	0	0	0	0	0	1	0	0	0	0
"DTXSID3020203"	0	0	1	0	1	0	0	0	0	0	0	0	0	0	0	0
"DTXSID3020205"	1	1	1	0	0	0	0	0	0	0	0	0	0	0	0	0
"DTXSID3020207"	1	1	1	0	0	0	0	0	0	0	0	0	0	0	0	0
"DTXSID3020209"	1	1	1	0	1	0	0	0	0	0	0	0	0	0	0	0
"DTXSID3020257"	1	1	1	0	0	0	0	0	0	0	0	0	0	0	0	0
"DTXSID3020332"	1	1	0	0	0	1	0	0	0	0	0	0	0	0	0	0
"DTXSID3020336"	1	1	1	0	0	0	0	0	0	0	0	0	0	0	0	0
"DTXSID3020384"	1	1	1	0	0	0	0	0	0	0	0	1	0	0	0	0
"DTXSID3020415"	1	1	0	0	0	0	0	1	0	0	0	0	0	0	0	0
"DTXSID3020465"	1	1	1	0	1	0	0	0	0	0	0	1	0	0	0	0
"DTXSID3020596"	1	0	1	0	1	0	0	0	0	0	0	0	0	0	0	0
"DTXSID3020621"	1	1	1	1	0	0	0	0	0	0	0	0	0	0	0	0
"DTXSID3020627"	1	1	1	0	0	0	1	0	0	0	0	0	0	0	0	0
"DTXSID3020673"	1	1	1	0	0	0	0	0	0	0	0	0	0	0	0	0
"DTXSID3020679"	1	1	1	0	0	0	0	0	0	0	0	1	0	0	0	0
"DTXSID3020702"	0	0	0	0	0	0	0	0	0	0	0	0	1	0	0	0
"DTXSID3020833"	1	0	1	0	1	0	0	0	0	0	0	0	0	0	0	0
"DTXSID3020881"	1	1	0	0	0	0	0	0	0	1	1	0	0	0	0	0
"DTXSID3020887"	1	1	1	0	0	0	1	0	0	0	0	0	0	0	0	0
"DTXSID3020910"	1	1	1	0	0	0	0	0	0	0	0	0	0	0	0	0
"DTXSID3020912"	1	1	1	0	0	0	0	0	0	0	0	0	1	0	0	0
"DTXSID3020916"	1	1	1	0	0	0	1	0	0	0	0	0	0	0	0	0
"DTXSID3020964"	1	1	1	0	0	0	0	0	0	0	0	0	0	0	0	0
"DTXSID3020966"	1	1	0	0	0	1	0	0	0	0	0	0	0	0	0	0
"DTXSID3021196"	1	1	1	0	0	0	1	0	0	0	0	0	0	0	0	0
"DTXSID3021225"	0	1	0	0	0	0	0	0	0	0	0	0	1	0	0	0
"DTXSID3021227"	0	0	0	0	0	0	0	0	0	0	0	0	1	0	0	0
"DTXSID3021277"	1	1	0	0	0	1	0	0	0	0	0	0	0	0	0	0
"DTXSID3021304"	1	0	0	0	0	0	0	0	0	0	0	0	1	0	0	0
"DTXSID3021356"	1	1	0	0	0	0	0	0	0	0	0	0	1	0	0	0
"DTXSID3021358"	1	1	1	0	0	0	1	0	0	0	0	0	0	0	0	0
"DTXSID3021483"	1	1	0	0	0	1	0	0	0	0	0	0	0	0	0	0
"DTXSID3021516"	1	1	1	0	1	0	0	0	0	0	0	0	0	0	0	0
"DTXSID3021518"	1	1	0	0	0	1	0	0	0	0	0	0	1	0	0	0
"DTXSID3021645"	1	1	0	0	0	1	0	0	0	1	1	0	0	0	0	0
"DTXSID3021726"	1	1	0	0	0	1	0	0	0	0	0	0	0	0	0	0
"DTXSID3021770"	1	1	1	0	0	0	0	0	0	0	0	0	0	0	0	0
"DTXSID3021774"	1	1	1	0	0	0	0	0	0	0	0	0	0	0	0	0
"DTXSID3021805"	1	1	0	0	0	1	0	0	0	0	0	0	1	0	0	0
"DTXSID3021807"	1	1	0	0	0	1	0	0	0	0	0	0	0	0	0	0
"DTXSID3021853"	1	1	0	0	0	1	0	0	0	0	0	0	0	0	0	0
"DTXSID3021936"	1	1	0	0	0	1	0	0	0	0	0	0	0	0	0	0
"DTXSID3021980"	1	1	0	0	0	1	0	0	0	0	0	0	0	0	0	0
"DTXSID3021986"	1	1	1	0	1	0	0	0	0	0	0	0	0	0	0	0
"DTXSID3022162"	1	1	1	0	0	0	0	0	0	0	0	0	0	0	0	0
"DTXSID3022164"	1	1	0	0	0	1	0	0	0	0	0	0	0	0	0	0
"DTXSID3022326"	1	0	0	0	0	0	0	0	0	0	0	0	1	0	0	0
"DTXSID3022370"	1	1	1	0	0	0	1	0	0	0	0	0	0	0	0	0
"DTXSID3022403"	1	1	0	0	0	0	0	0	1	0	0	0	0	0	0	0
"DTXSID3022405"	1	1	1	0	0	0	0	0	0	0	0	0	0	0	0	0
"DTXSID3022409"	1	1	1	0	1	0	1	0	0	0	0	0	0	0	0	0
"DTXSID3022455"	1	1	1	0	0	0	0	0	0	0	0	0	1	0	0	0
"DTXSID3022536"	1	1	1	0	0	0	0	0	0	0	0	0	0	0	0	0
"DTXSID3022588"	1	1	1	0	0	0	0	0	0	0	0	0	0	0	0	0
"DTXSID3022663"	1	0	1	0	0	0	0	0	0	0	0	0	0	0	0	0
"DTXSID3022877"	1	1	0	0	0	0	0	0	0	0	0	1	0	0	0	0
"DTXSID3022908"	0	0	1	0	1	0	0	0	0	0	0	0	0	0	0	0
"DTXSID3022956"	1	0	0	0	0	0	0	0	0	0	0	0	1	0	0	0
"DTXSID3023188"	1	0	1	0	0	0	0	0	0	0	0	0	0	0	0	0
"DTXSID3023342"	1	0	1	0	0	0	0	0	0	0	0	0	0	0	0	0
"DTXSID3023396"	0	0	1	0	0	0	0	0	0	0	0	0	0	0	0	0
"DTXSID3023471"	1	1	1	0	0	0	0	0	0	0	0	0	0	0	0	0
"DTXSID3023552"	1	0	0	0	1	0	0	0	0	0	0	0	0	0	0	0
"DTXSID3023685"	1	1	1	0	0	0	1	0	0	0	0	0	0	0	0	0
"DTXSID3023845"	1	1	1	0	0	0	0	0	0	0	0	0	0	0	0	0
"DTXSID3023897"	1	1	1	0	1	0	0	0	0	0	0	0	0	0	0	0
"DTXSID3023899"	1	1	1	1	0	0	0	0	0	0	0	0	0	0	0	0
"DTXSID3024075"	0	0	0	0	0	0	0	0	0	0	0	0	1	0	0	0
"DTXSID3024102"	1	1	1	0	0	0	0	0	0	0	0	0	0	0	0	0
"DTXSID3024104"	1	1	1	0	0	0	0	0	0	0	0	0	0	0	0	0
"DTXSID3024152"	1	1	1	0	0	0	1	0	0	0	0	0	0	0	0	0
"DTXSID3024154"	1	1	1	1	0	0	1	1	0	0	0	0	0	0	0	0
"DTXSID3024235"	1	1	1	0	1	0	1	0	0	0	0	0	0	0	0	0
"DTXSID3024239"	1	1	1	0	1	0	0	0	0	0	0	0	0	0	0	0
"DTXSID3024287"	1	1	1	0	0	0	1	0	0	0	0	0	0	0	0	0
"DTXSID3024289"	1	1	1	0	1	0	0	0	0	0	0	0	0	0	0	0
"DTXSID3024316"	1	1	1	0	0	0	1	0	0	0	0	0	0	0	0	0
"DTXSID3024318"	1	1	0	0	0	0	0	0	0	0	0	0	1	0	0	0
"DTXSID3024364"	1	1	0	0	1	0	0	1	0	0	0	0	0	0	0	0
"DTXSID3024368"	1	1	1	0	0	0	1	0	0	0	0	0	0	0	0	0
"DTXSID3024944"	1	1	0	0	0	1	0	0	0	0	0	0	0	0	0	0
"DTXSID3025049"	1	1	0	0	0	0	0	1	0	0	0	0	1	0	0	0
"DTXSID3025091"	1	1	1	0	0	0	1	0	0	0	0	0	0	0	0	0
"DTXSID3025122"	1	1	1	0	0	0	0	0	0	0	0	0	0	0	0	0
"DTXSID3025178"	1	1	1	0	0	0	1	0	0	0	0	0	0	0	0	0
"DTXSID3025469"	1	1	0	0	0	1	0	0	0	0	0	0	0	0	0	0
"DTXSID3026223"	1	1	1	0	0	0	0	0	0	0	0	0	0	0	0	0
"DTXSID3026562"	1	1	0	0	0	1	0	0	0	0	0	0	0	0	0	0
"DTXSID3026564"	1	1	1	1	0	0	0	0	0	0	0	0	0	0	0	0
"DTXSID3026645"	1	1	0	0	0	1	0	0	0	0	0	0	0	0	0	0
"DTXSID3026647"	1	1	0	0	0	1	0	0	0	0	0	0	0	0	0	0
"DTXSID3026691"	1	1	1	0	0	0	0	0	0	0	0	0	0	0	0	0
"DTXSID3026697"	1	1	1	0	0	0	0	0	0	0	0	0	0	0	0	0
"DTXSID3026726"	1	1	0	0	0	1	0	0	0	0	0	0	0	0	0	0
"DTXSID3026728"	1	1	0	0	0	1	0	1	0	1	1	0	0	0	0	0
"DTXSID3027320"	1	1	1	0	0	0	0	0	0	0	0	0	0	0	0	0
"DTXSID3027403"	1	1	0	0	0	0	0	0	0	0	0	1	0	0	0	0
"DTXSID3027746"	0	1	0	0	0	1	0	0	0	0	0	0	0	0	0	0
"DTXSID3027792"	1	1	0	0	0	1	0	0	0	0	0	0	0	0	0	0
"DTXSID3029154"	1	1	0	0	0	1	0	0	0	0	0	0	0	0	0	0
"DTXSID3029289"	1	1	0	0	0	0	0	1	0	0	0	0	0	0	0	0
"DTXSID3030428"	1	1	0	0	0	1	0	0	0	0	0	0	0	0	0	0
"DTXSID3030636"	1	1	1	0	0	0	0	0	0	0	0	0	0	0	0	0
"DTXSID3031860"	1	1	1	0	0	0	0	0	0	0	0	0	0	0	0	0
"DTXSID3031862"	1	1	1	0	0	0	0	0	0	0	0	0	0	0	0	0
"DTXSID3031864"	1	1	1	0	1	0	0	0	0	0	0	0	0	0	0	0
"DTXSID3032337"	1	1	1	1	0	0	0	0	0	0	0	0	0	0	0	0
"DTXSID3032389"	1	1	0	0	0	1	0	0	0	0	0	0	0	0	0	0
"DTXSID3032547"	1	1	1	1	0	0	0	0	0	0	0	0	0	0	0	0
"DTXSID3032549"	1	1	1	0	0	0	0	0	0	0	0	0	0	0	0	0
"DTXSID3032620"	1	1	0	0	0	0	0	1	0	0	0	0	0	0	0	0
"DTXSID3032628"	1	1	1	0	0	0	1	0	0	0	0	0	0	0	0	0
"DTXSID3034165"	1	1	1	0	0	0	1	0	0	0	0	0	0	0	0	0
"DTXSID3034402"	1	1	1	1	0	0	0	0	0	0	0	0	0	0	0	0
"DTXSID3034456"	1	1	1	1	0	0	0	0	0	0	0	0	0	0	0	0
"DTXSID3034612"	1	1	1	0	0	0	0	0	0	0	0	0	0	0	0	0
"DTXSID3034618"	1	1	1	0	0	0	0	0	0	0	0	0	0	0	0	0
"DTXSID3034664"	1	1	1	0	0	0	1	0	0	0	0	0	0	0	0	0
"DTXSID3034872"	1	1	1	0	1	0	0	0	0	0	0	0	0	0	0	0
"DTXSID3035341"	1	1	0	0	0	0	0	1	0	0	0	0	0	0	0	0
"DTXSID3036496"	1	1	1	0	1	0	1	0	0	0	0	0	0	0	0	0
"DTXSID3037044"	1	0	0	0	0	0	0	0	0	0	0	1	0	0	0	0
"DTXSID3037094"	1	1	1	0	0	0	0	0	0	0	0	0	0	0	0	0
"DTXSID3037208"	1	1	1	0	0	0	1	0	0	1	1	0	0	0	0	0
"DTXSID3037707"	1	1	1	0	0	0	0	0	0	0	0	0	0	0	0	0
"DTXSID3037709"	1	1	1	0	0	0	0	0	0	0	0	0	0	0	0	0
"DTXSID3038939"	1	1	1	0	0	0	0	0	0	0	0	0	0	0	0	0
"DTXSID3039242"	1	0	1	0	1	0	0	0	0	0	0	0	0	0	0	0
"DTXSID3040302"	0	0	1	1	0	0	0	0	0	0	0	0	0	0	0	0
"DTXSID3040352"	1	1	0	0	0	0	0	1	0	0	0	0	0	0	0	0
"DTXSID3040776"	1	1	1	0	0	0	1	0	0	0	0	0	0	0	0	0
"DTXSID3041035"	0	1	1	0	0	0	0	0	0	0	0	0	0	0	0	0
"DTXSID3041376"	1	1	1	0	0	0	0	0	0	0	0	0	0	0	0	0
"DTXSID3041409"	1	1	1	0	0	0	1	0	0	0	0	0	0	0	0	0
"DTXSID3041744"	1	1	1	0	0	0	0	0	0	0	0	0	0	0	0	0
"DTXSID3042219"	1	1	0	0	0	0	0	1	0	0	0	0	0	0	0	0
"DTXSID3042390"	1	1	0	0	0	0	0	0	0	0	0	0	1	0	0	0
"DTXSID3042633"	1	1	1	0	0	0	0	0	0	0	0	0	0	0	0	0
"DTXSID3043996"	0	0	0	0	0	0	0	0	0	0	0	0	1	0	0	0
"DTXSID3044203"	1	1	1	0	0	0	1	0	0	0	0	0	0	0	0	0
"DTXSID3044380"	1	1	0	0	0	1	0	0	0	0	0	0	0	0	0	0
"DTXSID3044463"	1	1	0	0	0	1	0	0	0	0	0	0	0	0	0	0
"DTXSID3044590"	1	1	1	0	0	0	0	0	0	0	0	0	0	0	0	0
"DTXSID3044598"	1	1	0	0	0	1	0	0	0	0	0	0	0	0	0	0
"DTXSID3044673"	0	0	0	0	0	0	0	0	0	0	0	0	1	0	0	0
"DTXSID3044704"	1	1	1	0	0	0	0	0	0	0	0	0	0	0	0	0
"DTXSID3044831"	1	1	0	0	0	1	0	0	0	0	0	0	0	0	0	0
"DTXSID3045304"	1	0	1	0	0	0	0	0	0	0	0	0	0	0	0	0
"DTXSID3047003"	1	1	0	0	0	1	0	0	0	0	0	0	0	0	0	0
"DTXSID3047138"	1	1	0	0	0	1	0	0	0	0	0	0	0	0	0	0
"DTXSID3047344"	1	1	1	0	0	0	1	0	0	0	0	0	0	0	0	0
"DTXSID3047346"	1	1	0	0	0	0	1	0	0	0	0	0	0	0	0	0
"DTXSID3047425"	1	1	1	0	0	0	1	0	0	0	0	0	0	0	0	0
"DTXSID3047429"	1	1	1	0	0	0	0	0	0	0	0	0	0	0	0	0
"DTXSID3047477"	1	1	1	0	0	0	1	0	0	0	0	0	0	0	0	0
"DTXSID3047558"	1	1	1	0	0	0	0	0	0	0	0	0	0	0	0	0
"DTXSID3047760"	1	1	0	0	0	1	0	0	0	0	0	0	0	0	0	0
"DTXSID3048520"	1	1	1	0	0	0	1	0	0	0	0	0	0	0	0	0
"DTXSID3052488"	0	1	0	0	0	1	0	0	0	0	0	0	0	0	0	0
"DTXSID30865801"	0	1	1	0	0	0	0	0	0	0	0	0	0	0	0	0
"DTXSID30866414"	0	0	1	0	0	0	0	0	0	0	0	0	0	0	0	0
"DTXSID30893700"	0	0	0	0	0	0	0	0	0	1	0	0	0	0	0	0
"DTXSID40143768"	0	0	1	0	1	0	0	0	0	0	0	0	0	0	0	0
"DTXSID4020082"	0	0	0	0	0	0	0	0	0	0	0	0	1	0	0	0
"DTXSID4020113"	1	0	1	0	0	0	0	0	0	0	0	0	0	0	0	0
"DTXSID4020119"	1	1	1	0	0	0	1	0	0	0	0	0	0	0	0	0
"DTXSID4020161"	1	1	1	0	0	0	0	0	0	0	0	0	0	0	0	0
"DTXSID4020240"	1	1	1	0	0	0	1	0	0	0	0	0	0	0	0	0
"DTXSID4020290"	1	1	1	0	0	0	1	0	0	0	0	0	0	0	0	0
"DTXSID4020292"	1	1	0	0	0	1	0	0	0	0	0	0	0	0	0	0
"DTXSID4020294"	1	1	0	0	0	0	0	0	0	0	0	0	1	0	0	0
"DTXSID4020298"	1	0	1	0	1	0	0	0	0	0	0	0	0	0	0	0
"DTXSID4020321"	1	1	0	0	0	0	0	0	0	0	0	1	1	0	0	0
"DTXSID4020325"	1	0	0	0	0	0	0	0	0	0	0	0	1	0	0	0
"DTXSID4020329"	1	0	1	0	0	0	0	0	0	0	0	0	1	0	0	0
"DTXSID4020371"	1	1	1	0	0	1	1	0	0	0	0	0	0	0	0	0
"DTXSID4020373"	1	1	1	0	0	0	0	0	0	0	0	0	0	0	0	0
"DTXSID4020375"	1	1	1	0	0	0	0	0	0	0	0	0	0	0	0	0
"DTXSID4020379"	1	1	0	0	0	0	0	1	0	0	0	0	0	0	0	0
"DTXSID4020406"	1	0	1	0	1	0	0	0	0	0	0	0	0	0	0	0
"DTXSID4020450"	1	1	1	0	0	0	0	0	0	0	0	0	0	0	0	0
"DTXSID4020458"	1	1	1	0	1	0	0	0	0	0	0	1	0	0	0	0
"DTXSID4020533"	1	0	1	0	1	0	0	0	0	0	0	0	0	0	0	0
"DTXSID4020537"	1	1	1	0	0	0	0	0	0	0	0	0	0	0	0	0
"DTXSID4020581"	1	0	1	0	0	0	0	0	0	0	0	0	0	0	0	0
"DTXSID4020616"	1	1	0	0	0	1	0	0	0	0	0	0	0	0	0	0
"DTXSID4020791"	1	1	1	0	0	0	1	0	0	0	0	1	0	0	0	0
"DTXSID4020820"	1	1	0	0	0	1	0	0	0	0	0	1	0	0	0	0
"DTXSID4020822"	1	1	1	0	0	0	1	0	0	0	0	1	0	0	0	0
"DTXSID4020828"	1	1	0	0	0	1	1	0	0	0	0	0	0	0	0	0
"DTXSID4020870"	1	1	1	0	0	0	0	0	0	0	0	0	0	0	0	0
"DTXSID4020901"	1	0	0	0	0	0	0	0	0	0	0	0	1	0	0	0
"DTXSID4020959"	1	1	0	0	1	0	1	0	0	0	0	0	0	0	0	0
"DTXSID4021135"	1	1	1	0	0	0	0	0	0	0	0	0	0	0	0	0
"DTXSID4021185"	1	1	1	0	0	0	1	0	0	0	0	0	0	0	0	0
"DTXSID4021218"	1	1	1	0	0	0	0	0	0	0	0	0	0	0	0	0
"DTXSID4021268"	1	1	1	0	1	0	1	0	0	0	0	0	0	0	0	0
"DTXSID4021391"	1	1	0	0	0	0	0	0	0	0	0	1	0	0	0	0
"DTXSID4021395"	1	1	1	0	0	0	0	0	0	0	0	0	0	0	0	0
"DTXSID4021426"	1	1	0	0	0	1	0	0	0	0	0	0	0	0	0	0
"DTXSID40214326"	0	0	1	0	0	0	0	0	0	0	0	0	0	0	0	0
"DTXSID4021553"	1	1	0	0	0	1	0	0	0	0	0	0	0	0	0	0
"DTXSID4021715"	1	1	0	0	0	1	0	0	0	0	0	0	0	0	0	0
"DTXSID4021717"	1	1	1	0	1	0	0	0	0	0	0	0	0	0	0	0
"DTXSID4021769"	1	1	0	0	0	1	0	0	0	0	0	0	0	0	0	0
"DTXSID4021842"	1	1	0	0	0	1	0	0	0	0	0	0	0	0	0	0
"DTXSID4021848"	1	1	1	0	0	0	0	0	0	0	0	0	0	0	0	0
"DTXSID4021892"	1	1	0	0	0	1	0	0	0	0	0	0	0	0	0	0
"DTXSID4021921"	1	1	0	0	0	1	0	0	0	0	0	0	0	0	0	0
"DTXSID4021975"	1	1	1	0	1	0	0	0	0	0	0	0	0	0	0	0
"DTXSID4021977"	1	1	0	0	0	1	0	0	0	0	0	0	0	0	0	0
"DTXSID4022020"	1	1	1	0	0	0	1	0	0	0	0	0	0	0	0	0
"DTXSID4022288"	1	1	1	0	0	0	0	0	0	0	0	0	0	0	0	0
"DTXSID4022361"	1	1	1	0	0	0	0	0	0	0	0	0	0	0	0	0
"DTXSID4022367"	1	1	1	0	1	0	1	0	0	0	0	0	0	0	0	0
"DTXSID4022369"	1	1	1	0	0	0	0	0	0	0	0	0	0	0	0	0
"DTXSID4022442"	1	1	1	0	0	0	0	1	0	0	0	0	0	0	0	0
"DTXSID4022446"	1	1	1	0	1	0	1	0	0	0	0	0	0	0	0	0
"DTXSID4022448"	1	1	1	0	0	0	0	0	0	0	0	0	0	0	0	0
"DTXSID4022527"	1	1	1	0	1	0	0	0	0	0	0	0	0	0	0	0
"DTXSID4022529"	1	1	1	0	1	0	0	0	0	0	0	0	0	0	0	0
"DTXSID4022577"	1	0	1	0	1	0	0	0	0	0	0	0	0	0	0	0
"DTXSID4022600"	0	0	1	0	0	0	0	0	0	0	0	0	0	0	0	0
"DTXSID4022602"	1	1	0	0	0	0	0	0	0	0	0	1	0	0	0	0
"DTXSID40227299"	0	0	1	0	0	0	0	0	0	0	0	0	0	0	0	0
"DTXSID4022731"	1	1	1	0	0	0	1	0	0	0	0	1	0	0	0	0
"DTXSID4022787"	0	0	1	0	0	0	0	0	0	0	0	0	0	0	0	0
"DTXSID4022810"	1	0	1	0	0	0	0	0	0	0	0	0	0	0	0	0
"DTXSID4022949"	1	0	1	0	0	0	0	0	0	0	0	0	0	0	0	0
"DTXSID4022991"	1	1	1	0	1	0	0	0	0	0	0	1	0	0	0	0
"DTXSID4023042"	1	0	1	0	0	0	0	0	0	0	0	0	0	0	0	0
"DTXSID4023129"	0	0	0	0	0	0	0	0	0	0	0	0	1	0	0	0
"DTXSID4023179"	1	0	1	0	0	0	0	0	0	0	0	0	0	0	0	0
"DTXSID4023412"	1	1	1	0	0	0	0	0	0	0	0	0	0	0	0	0
"DTXSID4023541"	1	1	0	0	0	1	0	0	0	0	0	0	0	0	0	0
"DTXSID4023549"	1	0	1	0	0	0	0	0	0	0	0	0	0	0	0	0
"DTXSID4023622"	1	1	0	0	0	1	0	0	0	0	0	0	0	0	0	0
"DTXSID4023628"	1	0	1	0	0	0	0	0	0	0	0	0	0	0	0	0
"DTXSID4023674"	1	0	1	0	0	0	0	0	0	0	0	0	0	0	0	0
"DTXSID4024012"	1	1	0	0	0	0	0	1	0	0	0	0	0	0	0	0
"DTXSID4024018"	1	1	1	0	0	0	0	0	0	0	0	0	0	0	0	0
"DTXSID4024062"	1	1	0	0	0	1	0	0	0	0	0	0	0	0	0	0
"DTXSID4024066"	1	1	1	0	0	0	0	0	0	0	0	0	0	0	0	0
"DTXSID4024143"	1	1	0	0	0	0	0	1	0	0	0	0	0	0	0	0
"DTXSID4024145"	1	1	1	0	0	0	1	0	0	0	0	0	0	0	0	0
"DTXSID4024195"	1	1	1	0	1	0	1	0	0	0	0	0	0	0	0	0
"DTXSID4024222"	1	0	0	0	0	0	0	0	0	0	0	0	1	0	0	0
"DTXSID4024270"	1	1	1	0	0	0	1	0	0	0	0	0	0	0	0	0
"DTXSID4024272"	1	1	1	1	0	0	1	0	0	0	0	0	0	0	0	0
"DTXSID4024274"	1	1	1	0	0	0	0	0	0	0	0	0	0	0	0	0
"DTXSID4024276"	1	1	1	0	0	0	0	0	0	0	0	0	0	0	0	0
"DTXSID4024359"	1	1	1	0	1	0	0	0	0	0	0	0	0	0	0	0
"DTXSID4024436"	1	1	1	0	0	0	0	0	0	0	0	0	1	0	0	0
"DTXSID4024729"	1	1	1	0	1	0	1	0	0	0	0	0	0	0	0	0
"DTXSID4024985"	1	1	0	0	0	1	0	0	0	0	0	0	0	0	0	0
"DTXSID4025080"	1	1	0	0	0	1	0	0	0	0	0	0	0	0	0	0
"DTXSID4025662"	1	1	0	0	0	1	0	0	0	0	0	0	0	0	0	0
"DTXSID4026183"	1	1	0	0	0	1	0	0	0	0	0	0	0	0	0	0
"DTXSID4026214"	1	1	0	0	0	0	0	1	0	0	0	0	0	0	0	0
"DTXSID4026262"	1	1	1	0	0	0	1	0	0	0	0	0	0	0	0	0
"DTXSID4026684"	1	1	1	0	0	0	0	0	0	0	0	0	0	0	0	0
"DTXSID4026842"	1	1	0	0	0	1	0	0	0	0	0	0	0	0	0	0
"DTXSID4027284"	1	1	0	0	0	1	0	0	0	0	0	0	0	0	0	0
"DTXSID4027527"	1	1	0	0	0	0	0	1	0	0	0	0	0	0	0	0
"DTXSID4027604"	1	1	1	0	0	0	1	0	0	0	0	0	0	0	0	0
"DTXSID4027608"	1	1	0	0	0	0	0	1	0	0	0	0	0	0	0	0
"DTXSID4028880"	1	1	0	0	0	0	0	0	0	0	0	1	0	0	0	0
"DTXSID4029145"	1	1	0	0	0	1	0	1	0	0	0	0	0	0	0	0
"DTXSID4029353"	1	1	0	0	0	1	0	0	0	0	0	0	0	0	0	0
"DTXSID4029692"	1	1	0	0	0	1	0	0	0	0	0	0	0	0	0	0
"DTXSID4031356"	1	1	0	0	0	0	0	0	0	0	0	1	0	0	0	0
"DTXSID4031980"	1	1	1	0	0	0	0	0	0	0	0	0	0	0	0	0
"DTXSID4032372"	1	1	1	0	0	0	0	0	0	0	0	0	0	0	0	0
"DTXSID4032376"	1	1	1	0	1	0	1	0	0	0	0	0	0	0	0	0
"DTXSID4032405"	1	1	1	0	1	0	0	0	0	0	0	0	0	0	0	0
"DTXSID4032459"	1	1	1	0	0	0	0	0	0	0	0	0	0	0	0	0
"DTXSID4032580"	1	1	1	0	0	0	0	0	0	0	0	0	0	0	0	0
"DTXSID4032611"	1	1	1	0	1	0	1	0	0	0	0	0	0	0	0	0
"DTXSID4032613"	1	1	1	1	0	0	0	1	0	0	0	0	0	0	0	0
"DTXSID4032615"	1	1	1	0	0	0	1	0	0	0	0	0	0	0	0	0
"DTXSID4032667"	1	1	1	0	0	0	0	0	0	0	0	0	0	0	0	0
"DTXSID4034150"	1	1	1	0	0	0	0	0	0	0	0	1	0	0	0	0
"DTXSID4034287"	1	1	1	0	0	0	0	0	0	0	0	0	0	0	0	0
"DTXSID4034364"	0	1	1	0	0	0	0	0	0	0	0	0	0	0	0	0
"DTXSID4034528"	1	1	1	0	0	0	1	0	0	0	0	0	0	0	0	0
"DTXSID4034609"	1	1	1	1	0	0	1	0	0	0	0	1	0	0	0	0
"DTXSID4034653"	1	1	1	0	1	0	1	0	0	0	0	0	0	0	0	0
"DTXSID4034948"	1	1	1	0	0	0	0	0	0	0	0	0	0	0	0	0
"DTXSID4038922"	1	1	0	0	0	0	0	1	0	0	0	0	0	0	0	0
"DTXSID4038924"	1	1	0	0	0	0	0	0	0	1	1	0	0	0	0	0
"DTXSID4040002"	1	1	1	0	0	0	1	0	0	0	0	0	0	0	0	0
"DTXSID4040686"	1	1	1	0	0	0	1	0	0	0	0	0	0	0	0	0
"DTXSID4040713"	1	1	1	0	0	0	0	0	0	0	0	0	0	0	0	0
"DTXSID4040763"	0	1	0	0	0	0	0	0	0	0	0	0	1	0	0	0
"DTXSID4040767"	1	1	1	0	0	0	0	0	0	0	0	0	0	0	0	0
"DTXSID4041280"	1	1	0	0	0	1	0	0	0	1	1	0	0	0	0	0
"DTXSID4041654"	1	1	0	0	0	1	0	0	0	0	0	0	0	0	0	0
"DTXSID4041812"	1	1	0	0	0	1	0	0	0	0	0	0	0	0	0	0
"DTXSID4042048"	0	0	1	0	1	0	0	0	0	0	0	0	0	0	0	0
"DTXSID4042121"	1	1	1	0	0	0	1	0	0	0	0	0	0	0	0	0
"DTXSID4042206"	1	1	1	0	0	0	0	0	0	0	0	0	0	0	0	0
"DTXSID4042416"	1	1	0	0	0	1	0	0	0	0	0	0	0	0	0	0
"DTXSID4043802"	0	0	1	0	0	0	0	0	0	0	0	0	0	0	0	0
"DTXSID4044400"	1	1	0	0	0	1	0	0	0	1	1	0	0	0	0	0
"DTXSID4044581"	1	1	1	0	0	0	0	0	0	0	0	0	0	0	0	0
"DTXSID4044791"	1	1	0	0	0	1	0	0	0	0	0	0	0	0	0	0
"DTXSID4044799"	1	1	0	0	0	1	0	0	0	0	0	0	0	0	0	0
"DTXSID4044822"	1	1	0	0	0	1	0	0	0	0	0	0	0	0	0	0
"DTXSID4044824"	1	1	0	0	0	1	0	0	0	0	0	0	0	0	0	0
"DTXSID4044872"	1	1	0	0	0	0	0	1	0	0	0	0	0	0	0	0
"DTXSID4046022"	1	0	1	0	1	0	0	0	0	0	0	0	0	0	0	0
"DTXSID4046313"	1	0	1	0	0	0	0	0	0	0	0	0	0	0	0	0
"DTXSID4047252"	1	1	1	0	0	0	1	0	0	0	0	0	0	0	0	0
"DTXSID4047258"	1	1	1	0	0	0	1	0	0	0	0	0	0	0	0	0
"DTXSID4047593"	1	1	0	0	0	1	0	0	0	0	0	0	0	0	0	0
"DTXSID4047620"	1	1	0	0	0	1	0	0	0	0	0	0	0	0	0	0
"DTXSID4047628"	1	1	0	0	0	0	0	1	0	0	0	0	0	0	0	0
"DTXSID4047672"	1	1	0	0	0	0	0	0	0	0	0	1	0	0	0	0
"DTXSID4047882"	1	1	1	0	0	0	0	0	0	0	0	0	0	0	0	0
"DTXSID4048191"	1	1	1	0	0	0	0	0	0	0	0	0	0	0	0	0
"DTXSID4048195"	1	1	1	0	0	0	1	0	0	0	0	0	0	0	0	0
"DTXSID4048199"	1	1	1	0	0	0	1	0	0	0	0	0	0	0	0	0
"DTXSID4049082"	1	0	1	0	0	0	0	0	0	0	0	0	0	0	0	0
"DTXSID4057768"	1	0	0	0	0	0	0	0	0	0	0	0	1	0	0	0
"DTXSID4058657"	0	0	1	1	0	0	0	0	0	0	0	0	0	0	0	0
"DTXSID50177195"	0	0	0	0	0	0	0	0	0	0	0	0	1	0	0	0
"DTXSID5020027"	1	1	0	0	0	0	0	1	0	0	0	1	0	0	0	0
"DTXSID5020029"	1	1	1	0	1	1	0	0	0	0	0	0	0	0	0	0
"DTXSID5020077"	0	0	0	0	0	0	0	0	0	0	0	0	1	0	0	0
"DTXSID5020106"	1	1	0	0	0	1	0	0	0	0	0	1	1	0	0	0
"DTXSID5020108"	1	1	1	0	0	0	0	0	0	0	0	1	1	0	0	0
"DTXSID5020152"	1	1	0	0	0	0	0	1	0	0	0	0	0	0	0	0
"DTXSID5020154"	1	1	1	0	0	0	0	0	0	0	0	0	1	0	0	0
"DTXSID5020233"	1	1	0	0	0	1	0	0	0	0	0	0	0	0	0	0
"DTXSID5020281"	1	1	0	0	0	0	1	0	0	0	0	0	0	0	0	0
"DTXSID5020283"	1	1	1	0	0	0	0	0	0	0	0	0	0	0	0	0
"DTXSID5020364"	0	1	0	0	0	0	0	0	0	0	0	0	1	0	0	0
"DTXSID5020366"	1	1	1	0	0	0	1	0	0	0	0	0	0	0	0	0
"DTXSID5020449"	1	1	1	0	0	0	0	0	0	0	0	0	0	0	0	0
"DTXSID5020528"	1	1	1	0	0	0	0	0	0	0	0	0	0	0	0	0
"DTXSID5020570"	1	1	0	0	0	0	0	1	0	0	0	0	0	0	0	0
"DTXSID5020576"	1	1	1	0	0	0	0	0	0	0	0	0	0	0	0	0
"DTXSID5020601"	1	1	0	0	0	0	0	1	0	0	0	1	0	0	0	0
"DTXSID5020607"	1	1	1	1	1	1	0	1	0	0	0	1	1	0	0	0
"DTXSID5020653"	1	1	1	0	0	0	0	0	0	0	0	0	0	0	0	0
"DTXSID5020730"	1	1	1	0	0	0	1	0	0	0	0	0	1	0	0	0
"DTXSID5020732"	1	1	1	0	0	0	0	0	0	0	0	1	0	0	0	0
"DTXSID5020784"	1	1	1	0	0	0	0	0	0	0	0	0	0	0	0	0
"DTXSID5020811"	1	1	0	0	0	0	0	1	0	0	0	0	0	0	0	0
"DTXSID5020819"	1	1	1	0	0	0	0	0	0	0	0	0	0	0	0	0
"DTXSID5020863"	1	1	0	0	0	0	0	1	0	0	0	0	0	0	0	0
"DTXSID5020867"	1	1	1	0	0	0	1	0	0	0	0	0	0	0	0	0
"DTXSID5020869"	1	1	1	0	0	0	0	0	0	0	0	0	0	0	0	0
"DTXSID5020944"	1	1	1	0	0	0	1	0	0	0	0	0	0	0	0	0
"DTXSID5021097"	1	1	1	0	0	0	0	0	0	0	0	0	0	0	0	0
"DTXSID5021122"	1	0	1	0	0	0	0	0	0	0	0	0	0	0	0	0
"DTXSID5021124"	1	1	1	0	0	0	0	0	0	0	0	1	0	0	0	0
"DTXSID5021126"	1	1	1	0	0	0	1	0	0	0	0	0	0	0	0	0
"DTXSID5021201"	1	1	1	0	0	0	0	0	0	0	0	0	0	0	0	0
"DTXSID5021209"	1	1	1	0	0	0	0	0	0	0	0	1	0	0	0	0
"DTXSID5021251"	1	1	0	0	0	1	0	0	0	1	1	0	0	0	0	0
"DTXSID5021330"	1	1	0	0	0	0	0	0	0	0	0	0	1	0	0	0
"DTXSID5021332"	1	1	1	0	0	0	0	0	0	0	0	0	0	0	0	0
"DTXSID5021336"	1	1	1	0	0	0	1	0	0	0	0	0	0	0	0	0
"DTXSID5021386"	1	1	1	0	0	0	0	0	0	0	0	0	0	0	0	0
"DTXSID5021388"	1	1	1	0	1	0	1	0	0	0	0	0	0	0	0	0
"DTXSID5021411"	1	1	1	0	1	0	1	0	0	0	0	1	0	0	0	0
"DTXSID5021413"	1	1	1	0	0	0	0	0	0	0	0	0	0	0	0	0
"DTXSID5021590"	1	1	0	0	0	1	0	0	0	0	0	0	0	0	0	0
"DTXSID5021629"	1	1	0	0	0	1	0	0	0	0	0	0	0	0	0	0
"DTXSID5021754"	1	1	0	0	0	0	0	1	0	0	0	0	0	0	0	0
"DTXSID5021831"	1	1	1	0	0	0	0	1	0	0	0	0	0	0	0	0
"DTXSID5021881"	1	1	0	0	0	0	0	1	0	0	0	0	1	0	0	0
"DTXSID5021885"	1	1	0	0	0	1	0	0	0	0	0	0	0	0	0	0
"DTXSID5021968"	1	1	0	0	0	1	0	0	0	0	0	0	0	0	0	0
"DTXSID5022308"	1	1	1	0	1	0	0	0	0	0	0	0	0	0	0	0
"DTXSID5022437"	1	1	1	0	1	0	0	0	0	0	0	0	0	0	0	0
"DTXSID5022439"	1	1	1	0	0	0	1	0	0	0	0	0	0	0	0	0
"DTXSID5022489"	1	1	0	0	0	1	0	0	0	0	0	0	0	0	0	0
"DTXSID5022514"	0	0	1	1	0	0	0	0	0	0	0	0	0	0	0	0
"DTXSID50225665"	0	0	0	0	0	0	0	0	0	0	0	0	1	0	0	0
"DTXSID5022855"	1	0	1	0	0	0	0	0	0	0	0	0	0	0	0	0
"DTXSID5022932"	1	0	1	0	0	0	0	0	0	0	0	0	0	0	0	0
"DTXSID5022934"	1	1	1	0	0	0	0	0	0	0	0	0	0	0	0	0
"DTXSID5023039"	1	1	1	0	0	0	0	0	0	0	0	1	0	0	0	0
"DTXSID5023299"	0	0	1	0	0	0	0	0	0	0	0	0	0	0	0	0
"DTXSID5023320"	0	0	1	0	1	0	0	0	0	0	0	0	0	0	0	0
"DTXSID5023322"	1	1	1	0	0	0	1	0	0	0	0	1	0	0	0	0
"DTXSID5023588"	1	1	0	0	0	1	0	0	0	0	0	1	0	0	0	0
"DTXSID5023740"	1	0	1	0	0	0	0	0	0	0	0	0	0	0	0	0
"DTXSID5023742"	1	1	1	0	1	0	1	0	0	0	1	1	0	0	0	0
"DTXSID5023748"	1	0	1	0	0	0	0	0	0	0	0	0	0	0	0	0
"DTXSID5023792"	1	1	1	0	0	0	0	0	0	0	0	0	0	0	0	0
"DTXSID5023871"	1	1	1	0	0	0	0	0	0	0	0	0	0	0	0	0
"DTXSID5023873"	0	1	0	0	0	1	0	0	0	0	0	0	0	0	0	0
"DTXSID5023877"	1	1	1	0	0	0	1	0	0	0	0	0	0	0	0	0
"DTXSID5023900"	1	1	1	0	0	0	0	0	0	0	0	1	0	0	0	0
"DTXSID5023902"	1	1	1	0	0	0	0	0	0	0	0	0	0	0	0	0
"DTXSID5023950"	1	1	1	1	0	0	0	0	0	0	0	0	0	0	0	0
"DTXSID5024051"	1	1	1	0	0	0	1	0	0	0	0	0	0	0	0	0
"DTXSID5024055"	1	1	0	0	0	0	0	1	0	0	0	0	0	0	0	0
"DTXSID5024059"	1	1	1	0	0	0	1	0	0	0	0	0	0	0	0	0
"DTXSID5024134"	1	1	0	0	0	0	0	1	0	0	0	0	0	0	0	0
"DTXSID5024182"	1	1	0	0	0	1	0	1	0	0	0	0	1	0	0	0
"DTXSID5024211"	1	1	1	1	0	0	1	0	0	0	0	0	0	0	0	0
"DTXSID5024261"	1	1	1	0	0	0	1	0	0	0	0	0	0	0	0	0
"DTXSID5024344"	1	1	1	1	0	0	0	0	0	0	0	1	0	0	0	0
"DTXSID5024394"	1	1	0	0	0	0	0	1	0	0	0	0	0	0	0	0
"DTXSID5024687"	1	1	0	0	0	1	0	0	0	0	0	0	0	0	0	0
"DTXSID5024845"	1	1	1	0	0	0	0	0	0	0	0	1	0	0	0	0
"DTXSID5024891"	1	1	1	0	0	0	0	0	0	0	0	1	0	0	0	0
"DTXSID5024922"	1	1	0	0	0	1	0	0	0	0	0	0	0	0	0	0
"DTXSID5025152"	1	1	1	0	0	0	0	0	0	0	0	0	0	0	0	0
"DTXSID5025607"	1	1	1	0	0	0	0	0	0	0	0	0	0	0	0	0
"DTXSID5025659"	1	1	1	0	0	0	0	0	0	0	0	0	0	0	0	0
"DTXSID5025811"	1	1	0	0	0	1	0	0	0	0	0	0	0	0	0	0
"DTXSID5025815"	1	1	0	0	0	0	0	1	0	0	0	0	0	0	0	0
"DTXSID5026259"	1	1	0	0	0	0	0	0	0	0	0	1	0	0	0	0
"DTXSID5026415"	0	0	1	0	1	0	0	0	0	0	0	0	0	0	0	0
"DTXSID5026706"	1	1	0	0	0	1	0	0	0	1	1	0	0	0	0	0
"DTXSID5026889"	1	1	1	0	0	0	0	0	0	0	0	0	0	0	0	0
"DTXSID5026912"	1	1	0	0	0	1	0	0	0	0	0	0	0	0	0	0
"DTXSID5027061"	1	1	0	0	1	1	0	0	0	0	0	0	0	0	0	0
"DTXSID5027512"	1	1	0	0	0	1	0	0	0	0	0	0	0	0	0	0
"DTXSID5027770"	1	1	0	0	0	1	0	0	0	0	0	0	0	0	0	0
"DTXSID5027932"	1	1	0	0	0	1	0	0	0	0	0	0	0	0	0	0
"DTXSID5027982"	1	1	0	0	0	1	0	0	0	0	0	0	0	0	0	0
"DTXSID5029182"	1	1	0	0	0	1	0	0	0	0	0	0	0	0	0	0
"DTXSID5029217"	1	1	0	0	0	1	0	0	0	0	0	0	0	0	0	0
"DTXSID5030030"	0	1	1	0	0	0	0	0	0	0	0	0	0	0	0	0
"DTXSID5031131"	1	1	1	0	0	0	0	0	0	0	0	0	0	0	0	0
"DTXSID5032315"	1	1	0	0	0	0	0	1	0	0	0	0	0	0	0	0
"DTXSID5032365"	1	1	1	0	1	0	0	0	0	0	0	0	0	0	0	0
"DTXSID5032442"	1	1	1	0	1	0	1	0	0	0	0	1	0	0	0	0
"DTXSID5032498"	1	1	1	0	1	0	0	0	0	0	0	0	0	0	0	0
"DTXSID5032523"	1	1	1	1	0	0	0	0	0	0	0	0	0	0	0	0
"DTXSID5032525"	1	1	1	0	0	0	1	0	0	0	0	0	0	0	0	0
"DTXSID5032573"	1	1	1	1	0	0	0	1	0	0	0	0	0	0	0	0
"DTXSID5032577"	1	1	1	1	0	0	0	0	0	0	0	0	0	0	0	0
"DTXSID5032600"	1	1	1	0	1	0	1	0	0	0	0	0	0	0	0	0
"DTXSID5033836"	1	1	0	0	0	1	0	1	0	0	0	0	0	0	0	0
"DTXSID5034270"	1	1	1	0	0	0	1	0	0	0	0	0	0	0	0	0
"DTXSID5034303"	1	1	1	1	0	0	0	0	0	0	0	0	0	0	0	0
"DTXSID5034723"	1	1	1	0	1	0	1	0	0	0	0	0	0	0	0	0
"DTXSID5034773"	1	1	1	1	1	0	0	0	0	0	0	0	0	0	0	0
"DTXSID5035080"	0	0	0	0	1	0	0	0	0	0	0	0	0	0	0	0
"DTXSID5035957"	1	1	1	0	0	0	0	0	0	0	0	1	0	0	0	0
"DTXSID5037072"	1	1	0	0	0	0	0	0	0	0	0	1	0	0	0	0
"DTXSID5037494"	1	1	1	0	0	0	0	0	0	0	0	0	0	0	0	0
"DTXSID5037523"	1	1	1	0	1	0	0	0	0	0	0	0	0	0	0	0
"DTXSID5037731"	1	1	1	0	0	0	0	0	0	0	0	0	0	0	0	0
"DTXSID5037739"	1	1	1	0	0	0	1	0	0	0	0	0	0	0	0	0
"DTXSID5038888"	1	1	1	0	0	0	1	0	0	0	0	0	0	0	0	0
"DTXSID5040675"	1	0	1	0	0	0	0	0	0	0	0	0	0	0	0	0
"DTXSID5040700"	1	1	0	0	0	1	0	0	0	0	1	0	0	0	0	0
"DTXSID5040704"	1	1	0	0	0	1	0	0	0	0	0	0	0	0	0	0
"DTXSID5040706"	1	1	1	0	0	0	0	0	0	0	0	0	0	0	0	0
"DTXSID5040708"	1	1	1	0	0	0	0	0	0	0	0	0	0	0	0	0
"DTXSID5041273"	1	1	0	0	0	1	0	0	0	0	0	0	0	0	0	0
"DTXSID5041306"	1	1	1	0	0	0	1	0	0	0	0	0	0	0	0	0
"DTXSID5041516"	1	1	1	0	0	0	1	0	0	0	0	0	0	0	0	0
"DTXSID5041691"	1	1	1	0	0	0	1	0	0	0	0	0	0	0	0	0
"DTXSID5041726"	1	1	0	0	0	0	0	0	0	1	1	0	0	0	0	0
"DTXSID5042243"	1	1	1	0	0	0	1	0	0	0	0	0	0	0	0	0
"DTXSID5044495"	1	1	0	0	0	1	0	0	0	0	0	0	0	0	0	0
"DTXSID5044520"	1	1	1	0	0	0	0	0	0	0	0	0	0	0	0	0
"DTXSID5044528"	1	1	1	0	0	0	1	0	0	0	0	0	0	0	0	0
"DTXSID5044788"	1	1	0	0	0	1	0	0	0	0	0	0	0	0	0	0
"DTXSID5044992"	1	1	1	0	0	0	0	0	0	0	0	0	0	0	0	0
"DTXSID5045043"	0	0	1	0	0	0	0	0	0	0	0	0	0	0	0	0
"DTXSID5046433"	1	0	1	0	0	0	0	0	0	0	0	0	0	0	0	0
"DTXSID5047037"	1	1	1	0	0	0	0	0	0	0	0	1	0	0	0	0
"DTXSID5047089"	1	1	0	0	0	0	0	0	0	0	0	0	1	0	0	0
"DTXSID5047249"	1	1	0	0	0	0	0	1	0	0	0	0	0	0	0	0
"DTXSID5047291"	1	1	0	0	0	0	1	0	0	0	0	0	0	0	0	0
"DTXSID5047320"	1	1	1	0	0	0	0	0	0	0	0	0	0	0	0	0
"DTXSID5047538"	1	1	0	0	0	0	0	1	0	0	0	0	0	0	0	0
"DTXSID5047879"	1	1	0	0	0	0	0	1	0	0	0	0	0	0	0	0
"DTXSID5048180"	1	1	1	0	0	0	1	0	0	0	0	0	0	0	0	0
"DTXSID5048184"	1	1	1	0	0	0	1	0	0	0	0	0	0	0	0	0
"DTXSID5051444"	1	1	0	0	0	0	0	1	0	0	0	0	0	0	0	0
"DTXSID5051446"	1	1	0	0	0	0	0	0	0	0	0	1	0	0	0	0
"DTXSID5051650"	1	1	1	0	0	0	0	0	0	0	0	0	0	0	0	0
"DTXSID50861300"	0	0	1	0	1	0	0	0	0	0	0	0	0	0	0	0
"DTXSID50869063"	0	0	1	0	0	0	0	0	0	0	0	0	0	0	0	0
"DTXSID50873382"	0	0	1	0	1	0	0	0	0	0	0	0	0	0	0	0
"DTXSID60184370"	0	0	0	0	0	0	0	0	0	0	0	0	1	0	0	0
"DTXSID6020014"	1	1	0	0	0	1	0	0	0	0	0	0	0	0	0	0
"DTXSID6020062"	1	1	0	0	0	1	0	0	1	0	0	0	0	0	0	0
"DTXSID6020068"	1	1	1	0	0	0	1	0	0	0	0	0	0	0	0	0
"DTXSID6020141"	1	1	0	0	0	0	0	0	0	0	0	0	1	0	0	0
"DTXSID6020143"	1	1	0	0	1	1	0	1	0	0	0	0	0	0	0	0
"DTXSID6020145"	1	1	0	0	0	1	0	1	0	0	0	0	0	0	0	0
"DTXSID6020147"	1	1	1	0	0	0	1	0	0	0	0	0	0	0	0	0
"DTXSID6020197"	1	1	1	0	0	0	0	0	0	0	0	0	0	0	0	0
"DTXSID6020220"	1	1	0	0	0	1	0	1	0	0	0	0	1	0	0	0
"DTXSID6020224"	1	1	0	0	0	1	0	0	0	0	0	0	0	0	0	0
"DTXSID6020226"	1	1	0	0	0	0	0	0	0	0	0	1	0	0	0	0
"DTXSID6020278"	1	1	0	0	0	1	0	0	0	0	0	0	0	0	0	0
"DTXSID6020307"	1	1	0	0	0	0	0	1	0	0	0	0	0	0	0	0
"DTXSID6020359"	1	1	0	0	0	0	0	1	0	0	0	0	0	0	0	0
"DTXSID6020430"	1	1	0	0	0	0	0	1	0	0	0	0	0	0	0	0
"DTXSID6020436"	0	0	1	0	1	0	0	0	0	0	0	0	0	0	0	0
"DTXSID6020438"	1	1	1	0	1	0	0	0	0	0	0	0	0	0	0	0
"DTXSID6020511"	1	1	1	0	0	0	1	0	0	0	0	0	0	0	0	0
"DTXSID6020561"	1	1	1	0	0	0	0	0	0	0	0	0	0	0	0	0
"DTXSID6020646"	1	0	1	0	1	0	0	0	0	0	0	0	0	0	0	0
"DTXSID6020648"	1	1	1	0	0	0	1	0	0	0	0	0	0	0	0	0
"DTXSID6020690"	1	1	1	0	0	0	0	0	0	0	0	1	1	0	0	0
"DTXSID6020692"	1	1	1	0	0	0	0	0	0	0	0	0	0	0	0	0
"DTXSID6020694"	1	1	0	0	1	0	1	0	0	0	0	0	0	0	0	0
"DTXSID6020771"	1	0	1	0	0	0	0	0	0	0	0	0	0	0	0	0
"DTXSID6020779"	1	1	0	0	0	0	0	0	0	0	0	0	1	0	0	0
"DTXSID6020802"	1	0	0	0	0	0	0	0	0	0	0	0	1	0	0	0
"DTXSID6020856"	1	1	1	0	1	0	0	0	0	0	0	0	1	0	0	0
"DTXSID6020939"	1	1	0	0	0	0	0	1	0	0	0	0	0	0	0	0
"DTXSID6021030"	1	1	1	0	0	0	0	0	0	0	0	0	0	0	0	0
"DTXSID6021080"	1	1	1	0	0	0	0	0	0	0	0	1	0	0	0	0
"DTXSID6021086"	1	1	1	0	0	0	0	0	0	0	0	0	0	0	0	0
"DTXSID6021117"	1	1	1	0	1	0	1	0	0	0	0	0	0	0	0	0
"DTXSID6021240"	1	1	0	0	0	1	0	0	0	0	0	0	1	0	0	0
"DTXSID6021244"	1	1	1	0	0	0	1	0	0	1	1	0	0	0	0	0
"DTXSID6021248"	1	1	1	0	0	0	0	0	0	1	1	0	0	0	0	0
"DTXSID6021290"	1	1	1	0	0	0	1	0	0	0	0	0	0	0	0	0
"DTXSID6021292"	1	1	0	0	0	0	0	0	0	0	0	1	1	0	0	0
"DTXSID6021327"	1	0	0	0	0	0	0	0	0	0	0	0	1	0	0	0
"DTXSID6021373"	1	1	1	0	0	0	0	0	0	0	0	0	0	0	0	0
"DTXSID6021375"	1	1	0	0	0	1	0	0	0	0	0	0	0	0	0	0
"DTXSID6021377"	1	0	1	0	1	0	0	0	0	0	0	0	0	0	0	0
"DTXSID6021402"	1	1	1	0	0	1	0	0	0	0	0	0	0	0	0	0
"DTXSID6021456"	1	1	1	0	0	0	0	0	0	0	0	0	1	0	0	0
"DTXSID6021666"	1	1	0	0	0	1	0	0	0	0	0	0	0	0	0	0
"DTXSID6021793"	1	1	1	0	0	0	1	0	0	0	0	0	0	0	0	0
"DTXSID6021824"	1	1	1	0	0	0	0	0	0	0	0	0	0	0	0	0
"DTXSID6021828"	1	1	1	0	0	0	0	0	0	0	0	0	0	0	0	0
"DTXSID6021872"	1	1	0	0	0	0	1	0	0	0	0	0	0	0	0	0
"DTXSID6021907"	1	1	0	0	0	1	0	1	0	0	0	0	0	0	0	0
"DTXSID6021957"	1	1	0	0	0	1	0	0	0	0	0	0	0	0	0	0
"DTXSID6021959"	1	1	0	0	1	1	1	1	0	0	0	0	0	0	0	0
"DTXSID6022000"	1	1	0	0	0	0	0	0	0	0	0	0	1	0	0	0
"DTXSID6022006"	1	1	0	0	0	1	0	0	0	0	0	0	0	0	0	0
"DTXSID6022056"	1	1	0	0	0	1	0	0	0	0	0	0	0	0	0	0
"DTXSID6022137"	1	1	0	0	0	1	0	0	0	0	0	0	0	0	0	0
"DTXSID6022187"	1	1	1	0	0	0	0	0	0	0	0	0	0	0	0	0
"DTXSID6022341"	1	1	1	0	0	0	1	0	0	0	0	0	0	0	0	0
"DTXSID6022345"	1	1	1	0	0	0	0	0	0	0	0	0	0	0	0	0
"DTXSID6022391"	1	1	1	0	1	0	1	0	0	0	0	0	0	0	0	0
"DTXSID6022422"	1	1	1	0	0	0	1	0	0	0	0	0	0	0	0	0
"DTXSID6022472"	1	1	0	0	0	1	0	1	0	0	0	0	0	0	0	0
"DTXSID6022474"	1	1	1	0	0	0	1	0	0	0	0	0	0	0	0	0
"DTXSID6022557"	1	1	0	0	0	1	0	0	0	0	0	0	0	0	0	0
"DTXSID6022682"	0	0	1	0	0	0	0	0	0	0	0	0	0	0	0	0
"DTXSID6022896"	0	0	1	0	0	0	0	0	0	0	0	0	0	0	0	0
"DTXSID6022923"	0	1	1	0	1	0	0	0	0	0	0	0	0	0	0	0
"DTXSID6022927"	1	1	1	0	0	0	0	0	0	0	0	0	0	0	0	0
"DTXSID6023317"	1	0	1	0	0	0	0	0	0	0	0	0	0	0	0	0
"DTXSID6023363"	1	0	1	0	0	0	0	0	0	0	0	0	0	0	0	0
"DTXSID6023523"	1	1	1	0	0	0	0	0	0	0	0	0	0	0	0	0
"DTXSID6023525"	0	0	1	0	1	0	0	0	0	1	0	0	0	0	0	0
"DTXSID6023573"	0	0	1	0	0	0	0	0	0	0	0	0	0	0	0	0
"DTXSID6023579"	0	0	1	0	0	0	0	0	0	0	0	0	0	0	0	0
"DTXSID6023600"	1	1	1	0	0	0	1	0	0	0	0	0	0	0	0	0
"DTXSID6023602"	1	1	0	0	0	1	0	0	0	0	0	0	0	0	0	0
"DTXSID6023652"	1	1	1	0	0	0	1	0	0	0	0	0	0	0	0	0
"DTXSID6023656"	1	0	1	0	0	0	0	0	0	0	0	0	0	0	0	0
"DTXSID6023733"	1	1	1	0	1	0	0	0	0	1	1	0	0	0	0	0
"DTXSID6023862"	1	1	1	0	0	0	0	0	0	0	0	0	0	0	0	0
"DTXSID6023864"	1	1	1	0	0	0	0	0	0	0	0	0	0	0	0	0
"DTXSID6023868"	1	1	1	0	0	0	1	0	0	0	0	0	0	0	0	0
"DTXSID6023997"	1	0	0	0	0	0	0	0	0	0	0	0	1	0	0	0
"DTXSID6023999"	1	1	1	0	0	0	1	1	0	0	0	0	0	0	0	0
"DTXSID6024046"	1	1	1	0	0	0	0	0	0	0	0	0	0	0	0	0
"DTXSID6024048"	1	1	1	0	0	0	0	0	0	0	0	0	0	0	0	0
"DTXSID6024123"	1	1	1	0	0	0	0	0	0	0	0	0	1	0	0	0
"DTXSID6024173"	0	0	0	0	0	0	0	0	0	0	0	0	1	0	0	0
"DTXSID6024175"	1	1	1	0	0	0	0	0	0	0	0	0	0	0	0	0
"DTXSID6024177"	1	1	1	0	0	0	0	0	0	0	0	1	1	0	0	0
"DTXSID6024204"	1	1	1	0	0	0	1	0	0	0	0	0	0	0	0	0
"DTXSID6024206"	1	1	1	0	0	0	1	0	0	0	0	0	0	0	0	0
"DTXSID6024254"	1	1	0	0	0	1	0	0	0	0	0	0	0	0	0	0
"DTXSID6024337"	1	1	1	0	0	0	0	0	0	0	0	0	1	0	0	0
"DTXSID6024460"	1	1	1	0	0	0	1	0	0	0	0	0	0	0	0	0
"DTXSID6024466"	1	1	1	0	0	0	1	0	0	0	0	0	0	0	0	0
"DTXSID6024591"	1	1	0	0	0	1	0	0	0	0	0	0	0	0	0	0
"DTXSID6024624"	1	1	0	0	0	1	0	1	0	0	0	0	0	0	0	0
"DTXSID6024701"	1	1	0	0	0	0	0	0	0	0	0	1	0	0	0	0
"DTXSID6024836"	1	1	0	0	0	1	0	1	0	0	0	0	0	0	0	0
"DTXSID6024838"	1	1	0	0	0	0	0	0	1	0	0	0	0	0	0	0
"DTXSID6024882"	1	1	1	0	0	0	1	0	0	0	0	0	0	0	0	0
"DTXSID6024888"	1	1	1	0	0	0	0	0	0	0	0	1	0	0	0	0
"DTXSID6024913"	1	1	1	0	1	0	0	0	0	0	0	0	0	0	0	0
"DTXSID6025010"	1	1	0	0	0	0	0	0	0	0	0	0	1	0	0	0
"DTXSID6025018"	1	1	0	0	0	1	0	0	0	0	0	0	0	0	0	0
"DTXSID6025068"	1	1	1	0	0	0	0	0	0	0	0	0	0	0	0	0
"DTXSID6025143"	1	1	0	0	0	0	1	0	0	0	0	0	0	0	0	0
"DTXSID6025145"	1	1	0	0	0	1	1	0	0	0	0	0	0	0	0	0
"DTXSID6025226"	1	1	1	0	0	0	0	0	0	0	0	0	0	0	0	0
"DTXSID6025301"	1	1	0	0	0	0	0	0	0	0	1	0	0	0	0	0
"DTXSID6025355"	1	1	0	0	0	1	0	0	0	0	0	0	1	0	0	0
"DTXSID6025438"	1	1	0	0	0	0	0	0	0	0	0	1	0	0	0	0
"DTXSID6025486"	1	1	1	0	0	0	1	0	0	0	0	0	0	0	0	0
"DTXSID6025567"	1	1	1	0	0	0	0	0	0	0	0	0	0	0	0	0
"DTXSID6026080"	1	1	0	0	0	1	0	0	0	0	0	0	0	0	0	0
"DTXSID6026298"	1	1	0	0	0	1	0	0	0	0	0	0	0	0	0	0
"DTXSID6027050"	1	1	0	0	0	1	0	0	0	0	0	0	0	0	0	0
"DTXSID6027052"	1	1	1	0	0	0	0	0	0	0	0	0	0	0	0	0
"DTXSID6027131"	1	1	0	0	0	0	0	1	0	0	0	0	0	0	0	0
"DTXSID6027181"	1	1	0	0	0	1	0	0	0	0	0	0	0	0	0	0
"DTXSID6027218"	1	1	1	0	0	0	1	0	0	0	0	0	0	0	0	0
"DTXSID6027266"	1	1	0	0	0	1	0	0	0	0	0	0	0	0	0	0
"DTXSID6027268"	1	1	0	0	0	1	0	0	0	0	0	0	0	0	0	0
"DTXSID6027397"	1	1	0	0	0	1	0	0	0	0	0	0	0	0	0	0
"DTXSID6027921"	1	1	0	0	0	0	0	1	0	0	0	0	0	0	0	0
"DTXSID6027923"	1	1	0	0	0	0	0	1	0	0	0	0	0	0	0	0
"DTXSID6027979"	0	0	0	0	0	0	0	0	0	0	0	0	1	0	0	0
"DTXSID6029123"	0	1	0	0	0	1	0	0	0	0	0	0	0	0	0	0
"DTXSID6031255"	0	0	0	0	0	0	0	0	0	0	0	0	1	0	0	0
"DTXSID6032192"	1	1	0	0	0	0	0	0	0	0	0	1	0	0	0	0
"DTXSID6032352"	1	1	1	1	0	0	0	0	0	0	0	1	0	0	0	0
"DTXSID6032354"	1	1	1	0	0	0	0	0	0	0	0	0	0	0	0	0
"DTXSID6032356"	1	1	1	1	0	0	1	0	0	0	0	0	0	0	0	0
"DTXSID6032358"	1	1	1	0	0	0	0	0	0	0	0	1	0	0	0	0
"DTXSID6032514"	1	1	0	0	0	1	0	0	0	0	0	0	0	0	0	0
"DTXSID6032562"	1	1	1	1	0	0	0	1	0	0	0	0	0	0	0	0
"DTXSID6032641"	1	1	1	0	0	0	1	0	0	0	0	0	0	0	0	0
"DTXSID6032645"	1	1	1	0	0	0	1	0	0	0	0	0	0	0	0	0
"DTXSID6032647"	1	1	1	0	0	0	0	0	0	0	0	0	0	0	0	0
"DTXSID6032649"	1	1	1	1	0	0	0	0	0	0	0	0	1	0	0	0
"DTXSID6034005"	1	1	0	0	0	1	0	0	0	0	0	0	0	0	0	0
"DTXSID6034265"	1	1	1	0	0	0	0	0	0	0	0	0	0	0	0	0
"DTXSID6034392"	1	1	1	0	1	0	1	0	0	0	0	1	0	0	0	0
"DTXSID6034712"	0	1	1	1	0	0	0	0	0	0	0	0	0	0	0	0
"DTXSID6034764"	1	1	0	0	1	0	0	0	0	0	0	0	0	0	0	0
"DTXSID6034849"	1	1	1	0	1	0	0	0	0	0	0	0	0	0	0	0
"DTXSID6034928"	1	1	0	0	0	0	0	0	0	0	0	1	0	0	0	0
"DTXSID6034972"	1	1	0	0	0	1	0	1	0	0	0	0	0	0	0	0
"DTXSID6035152"	1	1	1	0	0	0	0	0	0	0	0	0	0	0	0	0
"DTXSID6037728"	1	1	1	0	0	0	1	0	0	0	0	0	0	0	0	0
"DTXSID6040111"	1	1	0	0	0	1	0	0	0	0	0	0	0	0	0	0
"DTXSID6040371"	1	1	0	0	0	0	0	1	0	0	0	0	0	0	0	0
"DTXSID6040373"	1	1	0	0	0	0	0	0	0	0	0	1	0	0	0	0
"DTXSID6041892"	1	1	0	0	1	0	0	0	0	0	0	0	0	0	0	0
"DTXSID6042074"	1	1	0	0	0	1	0	0	0	0	0	0	0	0	0	0
"DTXSID6042151"	1	1	0	0	0	1	0	0	0	0	0	0	0	0	0	0
"DTXSID6042369"	1	1	0	0	0	1	0	0	0	0	0	0	0	0	0	0
"DTXSID6042490"	1	1	0	0	0	1	0	0	0	1	0	0	0	0	0	0
"DTXSID6042498"	1	1	0	0	0	0	0	1	0	0	0	0	0	0	0	0
"DTXSID6042521"	1	1	0	0	0	0	0	0	1	0	0	0	0	0	0	0
"DTXSID6043709"	1	1	1	0	0	0	1	0	0	0	0	0	0	0	0	0
"DTXSID6043915"	1	1	1	0	0	0	0	0	0	0	0	0	0	0	0	0
"DTXSID6043917"	1	1	0	0	0	0	0	0	0	0	0	0	1	0	0	0
"DTXSID6044012"	0	0	0	0	1	0	0	0	0	0	0	0	0	0	0	0
"DTXSID6044357"	1	1	0	0	0	1	0	0	0	1	1	0	0	0	0	0
"DTXSID6044519"	1	1	0	0	0	0	0	1	0	0	0	0	0	0	0	0
"DTXSID6044721"	1	1	0	0	0	1	0	0	0	0	0	0	0	0	0	0
"DTXSID6044727"	1	1	0	0	0	1	0	0	0	0	0	0	0	0	0	0
"DTXSID6044808"	1	1	0	0	0	1	0	0	0	0	0	0	0	0	0	0
"DTXSID6045169"	1	0	1	0	0	0	0	0	0	0	0	0	0	0	0	0
"DTXSID6046763"	1	0	1	0	1	0	0	0	0	0	0	0	0	0	0	0
"DTXSID6047070"	1	1	0	0	0	1	0	0	0	0	0	0	0	0	0	0
"DTXSID6047282"	1	1	1	0	0	0	0	0	0	0	0	0	0	0	0	0
"DTXSID6047286"	1	1	1	0	0	0	1	0	0	0	0	0	0	0	0	0
"DTXSID6047319"	1	1	1	0	0	0	1	0	0	0	0	0	0	0	0	0
"DTXSID6047363"	1	1	1	0	0	0	0	0	0	0	0	0	0	0	0	0
"DTXSID6047448"	1	1	0	0	0	1	0	0	0	0	0	0	0	0	0	0
"DTXSID6047525"	1	1	1	0	0	0	1	0	0	0	0	0	0	0	0	0
"DTXSID6047654"	1	1	0	0	0	1	0	0	0	0	0	0	0	0	0	0
"DTXSID6051306"	1	1	0	0	0	0	0	1	0	0	0	0	0	0	0	0
"DTXSID6052291"	1	1	0	0	0	1	0	0	0	0	0	0	0	0	0	0
"DTXSID6073499"	0	0	1	1	0	0	0	0	0	0	0	0	0	0	0	0
"DTXSID7020005"	1	1	0	0	0	0	0	1	0	0	0	0	0	0	0	0
"DTXSID7020182"	1	1	1	0	1	0	0	0	0	0	0	1	0	0	0	0
"DTXSID7020215"	1	1	0	0	0	1	0	0	0	0	0	1	0	0	0	0
"DTXSID7020265"	1	1	1	0	0	0	1	0	0	0	0	0	0	0	0	0
"DTXSID7020267"	1	1	0	0	0	0	0	0	0	0	0	0	1	0	0	0
"DTXSID7020348"	1	1	1	0	0	0	0	0	0	0	0	0	0	0	0	0
"DTXSID7020392"	1	1	1	0	0	0	0	0	0	0	0	0	0	0	0	0
"DTXSID7020479"	1	1	1	0	0	0	0	0	0	0	0	1	0	0	0	0
"DTXSID7020504"	1	1	1	0	0	0	1	0	0	0	0	0	0	0	0	0
"DTXSID7020508"	1	1	1	0	0	0	0	0	0	0	0	0	0	0	0	0
"DTXSID7020552"	1	1	0	0	0	0	0	0	0	0	0	1	0	0	0	0
"DTXSID7020635"	1	1	0	0	0	0	0	0	0	0	0	1	0	0	0	0
"DTXSID7020683"	1	1	0	0	0	0	0	1	0	0	0	0	0	0	0	0
"DTXSID7020687"	1	1	1	0	1	0	0	0	0	0	0	0	0	0	0	0
"DTXSID7020710"	1	1	1	0	0	0	0	0	0	0	0	0	0	0	0	0
"DTXSID7020712"	0	0	1	0	1	0	0	0	0	0	0	0	0	0	0	0
"DTXSID7020714"	1	0	1	0	0	0	0	0	0	0	0	0	0	0	0	0
"DTXSID7020716"	1	1	0	0	0	0	0	1	0	0	0	0	0	0	0	0
"DTXSID7020762"	1	1	1	0	1	0	0	0	0	0	0	0	0	0	0	0
"DTXSID7020764"	1	1	1	0	1	0	0	0	0	0	0	0	0	0	0	0
"DTXSID7020766"	1	1	0	0	0	0	0	1	0	0	0	0	0	0	0	0
"DTXSID7020768"	1	1	0	0	1	0	1	0	0	0	0	0	0	0	0	0
"DTXSID7020845"	1	1	0	0	0	0	0	1	0	0	0	0	0	0	0	0
"DTXSID7020895"	1	1	1	0	1	0	0	1	0	0	0	0	0	0	0	0
"DTXSID7020920"	1	1	0	0	0	1	0	0	0	0	0	0	0	0	0	0
"DTXSID7020970"	1	1	0	0	0	0	0	1	0	0	0	0	0	0	0	0
"DTXSID7020972"	1	1	1	0	0	0	1	0	0	0	0	0	1	0	0	0
"DTXSID7020978"	1	1	0	0	0	1	0	0	0	0	0	0	0	0	0	0
"DTXSID7021029"	1	1	0	0	0	0	0	1	0	0	0	0	0	0	0	0
"DTXSID7021073"	0	0	0	0	0	0	0	0	0	0	0	0	0	1	0	1
"DTXSID7021100"	1	1	1	1	0	0	0	1	0	0	0	1	0	0	0	0
"DTXSID7021102"	1	1	0	0	0	0	0	0	0	0	0	1	0	0	0	0
"DTXSID7021106"	1	1	1	0	1	0	0	0	0	0	0	0	0	0	0	0
"DTXSID7021150"	1	1	0	0	0	0	0	1	0	0	0	0	0	0	0	0
"DTXSID7021152"	1	1	0	0	0	1	0	0	0	0	0	0	0	0	0	0
"DTXSID7021237"	1	1	1	0	1	0	1	0	0	0	0	0	0	0	0	0
"DTXSID7021239"	1	1	1	0	1	0	0	0	0	0	0	1	0	0	0	0
"DTXSID7021310"	0	0	1	0	0	0	0	0	0	0	0	0	0	0	0	0
"DTXSID7021360"	1	0	1	0	1	0	0	0	0	0	0	0	0	0	0	0
"DTXSID7021441"	0	0	0	0	0	0	0	0	0	0	0	0	1	0	0	0
"DTXSID7021491"	1	1	0	0	0	1	0	0	0	0	0	0	0	0	0	0
"DTXSID7021520"	1	1	0	0	0	1	0	0	0	0	0	0	0	0	0	0
"DTXSID70215523"	0	0	1	0	1	0	0	0	0	0	0	0	0	0	0	0
"DTXSID7021605"	1	1	0	0	0	1	0	0	0	0	0	0	0	0	0	0
"DTXSID7021607"	1	1	0	0	0	1	0	1	0	0	0	0	0	0	0	0
"DTXSID7021653"	1	1	0	0	0	1	0	0	0	0	0	0	0	0	0	0
"DTXSID7021780"	1	1	1	0	0	0	0	0	0	0	0	0	0	0	0	0
"DTXSID7021784"	1	1	0	0	0	1	0	0	0	0	0	0	0	0	0	0
"DTXSID7021863"	1	1	0	0	0	1	0	0	0	0	0	0	0	0	0	0
"DTXSID7021869"	1	1	1	0	0	0	0	0	0	0	0	0	0	0	0	0
"DTXSID7021946"	1	1	0	0	0	0	0	1	0	0	0	0	0	0	0	0
"DTXSID7021948"	1	1	1	0	0	0	1	0	0	0	0	0	1	0	0	0
"DTXSID7021992"	1	1	1	0	0	0	0	0	0	0	0	0	0	0	0	0
"DTXSID7021996"	1	1	0	0	0	0	0	0	0	0	0	0	1	0	0	0
"DTXSID7022043"	1	1	0	0	0	1	0	0	0	0	0	0	0	0	0	0
"DTXSID7022049"	1	1	1	0	0	0	0	0	0	0	0	0	0	0	0	0
"DTXSID7022174"	1	1	1	0	0	0	0	0	0	0	0	0	0	0	0	0
"DTXSID7022253"	1	1	1	1	1	0	0	0	0	0	0	0	0	0	0	0
"DTXSID7022332"	1	1	1	0	0	0	0	0	0	0	0	0	0	0	0	0
"DTXSID7022411"	1	1	0	0	0	0	0	1	0	0	0	0	0	0	0	0
"DTXSID7022413"	1	1	1	1	0	0	0	0	0	0	0	0	0	0	0	0
"DTXSID7022594"	0	0	1	0	0	0	0	0	0	0	0	0	0	0	0	0
"DTXSID7022679"	1	1	0	0	0	1	0	0	0	0	0	0	0	0	0	0
"DTXSID70227808"	0	0	1	0	0	0	0	0	0	0	0	0	0	0	0	0
"DTXSID7022966"	0	0	1	0	0	0	0	0	0	0	0	0	0	0	0	0
"DTXSID7023065"	0	0	1	0	0	0	0	0	0	0	0	0	0	0	0	0
"DTXSID7023067"	1	0	1	0	0	0	0	0	0	0	0	0	0	0	0	0
"DTXSID7023192"	1	1	0	0	0	1	0	0	0	0	0	0	0	0	0	0
"DTXSID7023225"	1	0	1	0	0	0	0	0	0	0	0	0	0	0	0	0
"DTXSID7023273"	0	0	1	0	0	0	0	0	0	0	0	0	0	0	0	0
"DTXSID7023300"	1	1	1	0	0	0	0	0	0	0	0	0	0	0	0	0
"DTXSID7023435"	1	0	1	0	0	0	0	0	0	0	0	0	0	0	0	0
"DTXSID7023487"	1	0	1	0	0	0	0	0	0	0	0	0	0	0	0	0
"DTXSID7023512"	1	0	1	0	0	0	0	0	0	0	0	0	0	0	0	0
"DTXSID7023514"	0	0	1	0	0	0	0	0	0	0	0	0	0	0	0	0
"DTXSID7023518"	1	0	1	0	0	0	0	0	0	0	0	0	0	0	0	0
"DTXSID7023645"	1	1	1	0	0	0	0	0	0	0	0	1	0	0	0	0
"DTXSID7023936"	1	1	1	1	0	0	0	0	0	0	0	0	0	0	0	0
"DTXSID7023938"	1	1	0	0	0	0	0	0	1	0	0	0	0	0	0	0
"DTXSID7024035"	1	1	1	0	0	0	0	0	0	0	0	0	0	0	0	0
"DTXSID7024081"	1	1	1	0	0	0	0	0	0	0	0	0	0	0	0	0
"DTXSID7024085"	1	1	0	0	0	0	0	1	0	0	0	0	1	0	0	0
"DTXSID7024087"	1	1	0	0	0	1	0	1	0	0	0	0	0	0	0	0
"DTXSID7024112"	1	1	1	0	0	0	1	0	0	0	0	0	0	0	0	0
"DTXSID7024160"	1	1	1	1	0	0	0	1	0	0	0	0	0	0	0	0
"DTXSID7024164"	1	1	1	0	0	0	1	0	0	0	0	0	0	0	0	0
"DTXSID7024241"	1	1	1	0	0	0	0	1	0	0	0	0	0	0	0	0
"DTXSID7024243"	0	0	0	0	0	0	0	0	0	0	0	0	1	0	0	0
"DTXSID7024245"	1	1	1	1	0	0	0	0	0	0	0	0	0	0	0	0
"DTXSID7024247"	1	1	0	0	0	1	0	0	0	0	0	0	0	0	0	0
"DTXSID7024299"	1	1	1	1	0	0	0	1	0	0	0	0	0	0	0	0
"DTXSID7024320"	1	1	1	0	0	0	0	0	0	0	0	0	0	0	0	0
"DTXSID7024328"	1	1	1	0	0	0	0	0	0	0	0	0	0	0	0	0
"DTXSID7024376"	1	1	1	0	0	0	0	0	0	0	0	0	0	0	0	0
"DTXSID7024586"	1	1	0	0	0	1	0	0	0	0	0	0	0	0	0	0
"DTXSID7024827"	1	1	1	0	0	0	1	0	0	0	0	1	0	0	0	0
"DTXSID7024873"	1	1	0	0	0	1	0	0	0	0	0	0	0	0	0	0
"DTXSID7024902"	1	1	1	0	0	0	0	0	0	0	0	0	0	0	0	0
"DTXSID7025003"	1	1	0	0	0	1	0	0	0	0	0	0	0	0	0	0
"DTXSID7025055"	1	1	0	0	0	1	0	0	0	0	0	0	0	0	0	0
"DTXSID7025132"	1	1	1	0	0	0	0	0	0	0	0	0	0	0	0	0
"DTXSID7025219"	1	1	0	0	0	1	0	0	0	0	0	0	0	0	0	0
"DTXSID7025502"	1	1	0	0	0	1	0	0	0	0	0	0	0	0	0	0
"DTXSID7025895"	1	1	1	0	0	0	0	0	0	0	0	0	0	0	0	0
"DTXSID7025922"	1	1	0	0	0	1	0	0	0	0	0	0	0	0	0	0
"DTXSID7026029"	1	1	1	0	0	0	1	0	0	0	0	0	0	0	0	0
"DTXSID7026108"	1	1	0	0	0	1	0	0	0	0	0	0	0	0	0	0
"DTXSID7026156"	1	1	0	0	0	0	0	1	0	0	0	0	0	0	0	0
"DTXSID7026285"	1	1	0	0	0	1	0	0	0	0	0	0	0	0	0	0
"DTXSID7026499"	1	1	0	0	0	1	0	0	0	0	0	0	0	0	0	0
"DTXSID7026811"	1	1	0	0	0	1	0	0	0	0	0	0	0	0	0	0
"DTXSID7026867"	1	1	0	0	0	1	0	0	0	0	0	0	0	0	0	0
"DTXSID7026946"	1	1	0	0	0	1	0	0	0	0	0	0	0	0	0	0
"DTXSID7026994"	1	1	0	0	0	1	0	0	0	0	0	0	0	0	0	0
"DTXSID7027041"	1	1	0	0	0	1	0	0	0	0	0	0	0	0	0	0
"DTXSID7027047"	1	1	1	0	0	0	0	0	0	0	0	0	0	0	0	0
"DTXSID7027049"	1	1	0	0	0	1	0	0	0	0	0	0	0	0	0	0
"DTXSID7027205"	1	1	0	0	0	0	1	1	0	0	0	1	0	0	0	0
"DTXSID7027625"	1	1	0	0	0	1	0	1	0	0	0	0	1	0	0	0
"DTXSID7029320"	1	1	0	0	0	1	0	0	0	0	0	0	0	0	0	0
"DTXSID7029871"	1	1	1	0	0	0	0	0	0	0	0	0	0	0	0	0
"DTXSID7029879"	1	1	1	0	0	0	0	0	0	0	0	0	0	0	0	0
"DTXSID7029904"	1	1	0	0	0	0	0	1	0	0	0	0	0	0	0	0
"DTXSID7030307"	1	1	1	0	0	0	0	0	0	0	0	0	0	0	0	0
"DTXSID7031248"	1	1	1	0	0	0	0	0	0	0	0	0	0	0	0	0
"DTXSID7031531"	1	1	1	0	0	0	0	0	0	0	0	0	0	0	0	0
"DTXSID7032004"	1	1	1	0	0	0	1	0	0	0	0	0	0	0	0	0
"DTXSID7032006"	0	0	1	1	0	0	0	0	0	0	0	0	0	0	0	0
"DTXSID7032345"	1	1	1	0	0	0	0	0	0	0	0	0	0	0	0	0
"DTXSID7032393"	1	1	1	0	0	0	0	0	0	0	0	0	0	0	0	0
"DTXSID7032424"	1	1	1	0	0	0	1	0	0	0	0	0	0	0	0	0
"DTXSID7032470"	1	1	1	0	0	0	0	0	0	0	0	0	0	0	0	0
"DTXSID7032551"	1	1	1	0	1	0	0	0	0	0	0	0	0	0	0	0
"DTXSID7032553"	1	1	1	1	0	0	0	0	0	0	0	0	0	0	0	0
"DTXSID7032555"	1	1	1	0	0	0	0	0	0	0	0	0	0	0	0	0
"DTXSID7032559"	1	1	0	0	0	0	0	0	0	0	0	1	0	0	0	0
"DTXSID7032630"	1	1	1	0	0	0	0	0	0	0	0	0	0	0	0	0
"DTXSID7032638"	1	1	1	0	0	0	0	0	0	0	0	0	0	0	0	0
"DTXSID7034252"	1	1	1	0	0	0	1	0	0	0	0	0	0	0	0	0
"DTXSID7034383"	1	1	1	0	0	0	1	0	0	0	0	0	0	0	0	0
"DTXSID7034545"	1	1	1	0	0	0	0	0	0	0	0	0	0	0	0	0
"DTXSID7034549"	1	1	0	0	0	0	0	0	0	0	0	1	0	0	0	0
"DTXSID7034624"	1	1	0	0	1	0	1	0	0	0	0	0	0	0	0	0
"DTXSID7034674"	1	1	1	0	0	0	0	0	0	0	0	0	0	0	0	0
"DTXSID7034676"	1	1	1	0	1	0	1	0	0	0	0	0	0	0	0	0
"DTXSID7034753"	0	1	1	0	0	0	0	0	0	0	0	0	0	0	0	0
"DTXSID7034961"	1	1	1	0	0	0	1	0	0	0	0	1	0	0	0	0
"DTXSID7037185"	1	1	1	0	0	0	0	0	0	1	1	0	0	0	0	0
"DTXSID7037551"	1	1	1	0	0	0	1	0	0	0	0	0	0	0	0	0
"DTXSID7037555"	1	1	0	0	0	0	0	0	0	0	0	1	0	0	0	0
"DTXSID7037717"	1	1	1	0	0	0	0	0	0	0	0	0	0	0	0	0
"DTXSID7038864"	1	1	1	0	0	0	0	0	0	0	0	0	0	0	0	0
"DTXSID7040150"	0	0	1	0	0	0	0	0	0	0	0	0	0	0	0	0
"DTXSID7040285"	1	1	0	0	0	1	0	0	0	0	0	0	0	0	0	0
"DTXSID7040362"	1	1	1	1	0	0	0	0	0	0	0	0	0	0	0	0
"DTXSID7040734"	1	1	0	0	0	0	0	0	1	0	0	0	0	0	0	0
"DTXSID7040788"	1	1	1	0	0	0	0	0	0	0	0	0	0	0	0	0
"DTXSID7041097"	1	1	1	0	0	0	0	0	0	0	0	0	0	0	0	0
"DTXSID7041201"	1	1	0	0	0	0	0	0	0	0	0	1	0	0	0	0
"DTXSID7041413"	1	1	0	0	0	1	0	0	0	0	0	0	0	0	0	0
"DTXSID7041623"	1	1	1	0	0	0	1	0	0	0	0	0	0	0	0	0
"DTXSID7041675"	1	1	0	0	0	1	0	0	0	0	0	0	0	0	0	0
"DTXSID7042011"	1	1	0	0	0	0	0	0	0	1	1	0	0	0	0	0
"DTXSID7042481"	0	0	0	0	0	0	0	1	0	0	0	0	0	0	0	0
"DTXSID7044392"	1	1	0	0	0	1	0	0	0	0	0	0	0	0	0	0
"DTXSID7044427"	1	1	0	0	0	1	0	0	0	1	1	0	0	0	0	0
"DTXSID7044475"	1	1	0	0	0	1	0	0	0	0	0	0	0	0	0	0
"DTXSID7044506"	1	1	0	0	0	1	0	0	0	0	0	0	0	0	0	0
"DTXSID7044764"	1	1	0	0	0	1	0	0	0	0	0	0	0	0	0	0
"DTXSID7044841"	1	1	0	0	0	0	0	1	0	0	0	0	0	0	0	0
"DTXSID7044922"	1	1	0	0	0	1	0	0	0	1	1	0	0	0	0	0
"DTXSID7044928"	1	1	0	0	0	1	0	0	0	0	0	0	0	0	0	0
"DTXSID7045029"	1	0	1	0	0	0	0	0	0	0	0	0	0	0	0	0
"DTXSID7045946"	1	0	1	0	0	0	0	0	0	0	0	0	0	0	0	0
"DTXSID7046627"	1	0	1	0	1	0	0	0	0	0	0	0	0	0	0	0
"DTXSID7047061"	1	1	0	0	0	1	0	0	0	0	0	0	0	0	0	0
"DTXSID7047065"	1	1	0	0	0	1	0	0	0	0	0	0	0	0	0	0
"DTXSID7047277"	1	1	1	0	0	0	1	0	0	0	0	0	0	0	0	0
"DTXSID7047306"	1	1	1	0	0	0	0	0	0	0	0	0	0	0	0	0
"DTXSID7047354"	0	0	0	0	0	0	0	1	0	0	0	0	0	0	0	0
"DTXSID7047356"	1	1	1	0	0	0	1	0	0	0	0	0	0	0	0	0
"DTXSID7047358"	1	1	1	0	0	0	1	0	0	0	0	0	0	0	0	0
"DTXSID7047433"	1	1	1	0	0	0	1	0	0	0	0	0	0	0	0	0
"DTXSID7047568"	1	1	1	0	0	0	0	0	0	0	0	0	0	0	0	0
"DTXSID7047697"	1	1	1	0	0	0	0	0	0	0	0	0	0	0	0	0
"DTXSID7047859"	0	0	1	0	0	0	0	0	0	0	0	0	0	0	0	0
"DTXSID7048168"	1	1	1	0	0	0	0	0	0	0	0	0	0	0	0	0
"DTXSID7051557"	1	1	0	0	0	1	0	0	0	0	0	0	0	0	0	0
"DTXSID7052529"	1	1	0	0	0	1	0	0	0	0	0	0	0	0	0	0
"DTXSID7052604"	0	1	0	0	0	1	0	0	0	0	0	0	0	0	0	0
"DTXSID70862379"	0	0	0	0	0	0	0	0	0	0	0	0	1	0	0	0
"DTXSID8020040"	1	1	1	0	1	0	0	1	0	0	0	0	0	0	0	0
"DTXSID8020094"	1	0	0	0	0	0	0	0	0	0	0	0	1	0	0	0
"DTXSID8020123"	1	1	1	0	0	0	0	0	0	0	0	0	0	0	0	0
"DTXSID8020127"	1	1	1	0	1	0	1	0	0	0	0	0	0	0	0	0
"DTXSID8020250"	1	0	1	0	1	0	0	0	0	0	0	0	0	0	0	0
"DTXSID8020256"	1	1	0	0	0	1	0	0	0	0	0	0	0	0	0	0
"DTXSID8020337"	1	1	0	0	0	0	0	1	0	0	0	0	0	0	0	0
"DTXSID8020381"	1	1	0	0	1	0	0	0	0	0	0	1	0	0	0	0
"DTXSID8020462"	1	1	0	0	0	0	0	1	0	0	0	1	0	0	0	0
"DTXSID8020464"	1	1	0	0	0	1	0	0	0	0	0	0	0	0	0	0
"DTXSID8020541"	1	1	1	0	1	0	1	0	0	0	0	1	0	0	0	0
"DTXSID8020597"	1	1	0	0	0	1	0	1	0	0	0	0	1	0	0	0
"DTXSID80206109"	0	0	0	0	0	0	0	0	0	1	0	0	0	0	0	0
"DTXSID8020620"	1	1	1	1	0	0	1	1	0	0	0	0	0	0	0	0
"DTXSID8020628"	1	1	1	0	0	0	1	0	0	0	0	0	0	0	0	0
"DTXSID8020755"	1	1	1	0	0	0	0	0	0	0	0	0	0	0	0	0
"DTXSID8020759"	1	1	0	0	1	1	0	0	0	0	0	0	0	0	0	0
"DTXSID8020913"	1	1	1	0	0	0	0	0	0	0	0	0	0	0	0	0
"DTXSID8020915"	1	1	0	0	0	1	0	0	0	0	0	0	0	0	0	0
"DTXSID8020961"	1	1	1	0	0	0	0	0	0	0	0	0	0	0	0	0
"DTXSID8021195"	1	1	0	0	0	0	0	1	0	0	0	0	0	0	0	0
"DTXSID8021197"	1	1	0	0	0	1	0	0	0	0	0	0	0	0	0	0
"DTXSID8021199"	1	1	1	0	0	0	0	0	0	0	0	0	0	0	0	0
"DTXSID8021272"	1	1	0	0	0	1	0	0	0	0	0	1	0	0	0	0
"DTXSID8021301"	1	1	1	0	1	0	0	0	0	0	0	0	0	0	0	0
"DTXSID8021309"	1	0	1	0	0	0	0	0	0	0	0	0	0	0	0	0
"DTXSID8021359"	1	1	1	0	1	0	1	0	0	0	0	0	0	0	0	0
"DTXSID8021434"	0	0	1	0	1	0	0	0	0	0	0	0	0	0	0	0
"DTXSID8021438"	1	1	1	0	1	0	0	0	0	0	0	0	0	0	0	0
"DTXSID8021515"	1	1	0	0	0	0	0	1	0	0	0	0	0	0	0	0
"DTXSID8021517"	1	1	0	0	0	1	0	0	0	0	0	0	0	0	0	0
"DTXSID8021519"	1	1	0	0	0	0	1	0	0	0	0	0	0	0	0	0
"DTXSID8021640"	1	1	0	0	0	1	0	0	0	0	0	0	0	0	0	0
"DTXSID8021642"	1	1	0	0	0	1	0	0	0	0	0	0	0	0	0	0
"DTXSID8021648"	1	1	0	0	0	1	0	0	0	0	0	0	0	0	0	0
"DTXSID8021771"	1	1	1	1	1	0	0	1	0	0	0	0	0	0	0	0
"DTXSID8021800"	1	1	1	0	0	0	0	0	0	0	0	0	0	0	0	0
"DTXSID8021804"	1	1	1	0	0	0	0	0	0	0	0	0	0	0	0	0
"DTXSID8021808"	1	1	1	0	1	0	0	1	0	0	0	0	0	0	0	0
"DTXSID8021856"	1	1	1	0	0	0	1	0	0	0	0	0	0	0	0	0
"DTXSID8021937"	1	1	0	0	0	1	0	0	0	0	0	0	0	0	0	0
"DTXSID8022111"	1	1	1	0	0	0	1	0	0	0	0	0	0	0	0	0
"DTXSID8022292"	1	1	1	0	1	0	0	0	0	0	0	1	0	0	0	0
"DTXSID8022325"	1	1	1	1	0	0	0	1	0	0	0	0	0	0	0	0
"DTXSID8022377"	1	1	1	0	0	0	0	0	0	0	0	0	0	0	0	0
"DTXSID8022406"	1	1	1	0	1	0	0	0	0	0	0	0	0	0	0	0
"DTXSID8022408"	1	1	1	0	0	0	1	0	0	0	0	0	0	0	0	0
"DTXSID8022589"	1	1	1	0	0	0	0	0	0	0	0	0	0	0	0	0
"DTXSID8022666"	1	1	0	0	0	1	0	0	0	0	0	0	0	0	0	0
"DTXSID8022747"	0	0	1	0	0	0	0	0	0	0	0	0	0	0	0	0
"DTXSID8022828"	1	1	1	0	0	0	1	0	0	0	0	0	0	0	0	0
"DTXSID8022959"	1	1	0	0	0	1	0	0	0	0	0	0	1	0	0	0
"DTXSID8023214"	1	1	1	0	0	0	0	0	0	0	0	0	0	0	0	0
"DTXSID8023216"	1	1	1	0	0	0	1	0	0	0	0	0	0	0	0	0
"DTXSID8023349"	1	0	1	0	1	0	0	0	0	0	0	0	0	0	0	0
"DTXSID8023393"	1	0	1	0	0	0	0	0	0	0	0	0	0	0	0	0
"DTXSID8023476"	1	0	1	0	1	0	0	0	0	0	0	0	0	0	0	0
"DTXSID8023559"	0	0	0	0	0	0	0	0	0	0	0	0	1	0	0	0
"DTXSID8023632"	1	1	0	0	0	1	0	0	0	0	0	0	0	0	0	0
"DTXSID8023715"	0	0	1	0	0	0	0	0	0	0	0	0	0	0	0	0
"DTXSID8023719"	1	1	1	0	1	0	0	0	0	0	0	0	0	0	0	0
"DTXSID8023846"	1	1	1	0	0	0	1	0	0	0	0	1	0	0	0	0
"DTXSID8023848"	1	1	1	0	1	0	1	0	0	0	0	0	0	0	0	0
"DTXSID8023890"	1	1	1	0	0	0	0	0	0	0	0	0	0	0	0	0
"DTXSID8023892"	1	1	1	0	0	0	0	0	0	0	0	0	0	0	0	0
"DTXSID8023927"	1	1	0	0	0	0	0	1	0	0	0	0	0	0	0	0
"DTXSID8024072"	1	1	1	0	0	0	0	0	0	0	0	0	0	0	0	0
"DTXSID8024105"	1	1	1	0	0	0	0	0	0	0	0	0	0	0	0	0
"DTXSID8024107"	1	1	1	0	0	0	1	0	0	0	0	0	0	0	0	0
"DTXSID8024109"	1	1	1	0	0	0	1	0	0	0	0	0	0	0	0	0
"DTXSID8024151"	1	1	1	0	1	0	1	0	0	0	0	0	0	0	0	0
"DTXSID8024153"	1	1	0	0	0	0	0	1	0	0	0	0	0	0	0	0
"DTXSID8024157"	1	1	1	0	0	0	0	0	0	0	0	0	0	0	0	0
"DTXSID8024159"	1	1	1	0	0	0	0	0	0	0	0	0	0	0	0	0
"DTXSID8024234"	1	1	1	0	0	0	1	0	0	0	0	0	0	0	0	0
"DTXSID8024238"	1	1	1	0	0	0	0	0	0	0	0	0	0	0	0	0
"DTXSID8024280"	1	1	1	0	0	0	1	0	0	0	0	0	0	0	0	0
"DTXSID8024284"	1	1	0	0	0	1	0	1	0	0	0	0	0	0	0	0
"DTXSID8024311"	1	1	0	0	0	0	0	0	0	0	0	0	1	0	0	0
"DTXSID8024315"	1	1	1	0	0	0	1	0	0	0	0	0	0	0	0	0
"DTXSID8024317"	1	1	1	0	0	0	0	0	0	0	0	0	0	0	0	0
"DTXSID8024365"	0	0	0	0	0	0	0	0	0	0	0	0	1	0	0	0
"DTXSID8024521"	1	0	1	0	1	0	0	0	0	0	0	0	0	0	0	0
"DTXSID8024523"	1	1	1	0	0	0	0	0	0	0	0	0	0	0	0	0
"DTXSID8024652"	1	1	0	0	0	1	0	1	0	0	0	0	0	0	0	0
"DTXSID8024739"	1	1	0	0	0	1	0	0	0	0	0	0	0	0	0	0
"DTXSID8024999"	1	1	1	0	0	0	0	0	0	0	0	0	0	0	0	0
"DTXSID8025096"	1	1	0	0	0	1	0	1	0	0	0	0	0	0	0	0
"DTXSID8025337"	1	1	0	0	0	0	0	1	0	0	0	0	0	0	0	0
"DTXSID8025595"	1	1	1	0	0	0	0	0	0	0	0	0	0	0	0	0
"DTXSID8025599"	1	1	0	0	0	0	0	1	0	0	0	0	0	0	0	0
"DTXSID8026193"	1	1	1	0	0	0	0	0	0	0	0	0	0	0	0	0
"DTXSID8026224"	1	1	1	0	0	0	0	0	0	0	0	0	0	0	0	0
"DTXSID8026303"	1	1	1	0	0	0	0	0	0	0	0	0	0	0	0	0
"DTXSID8026307"	1	1	1	0	0	0	1	0	0	0	0	0	0	0	0	0
"DTXSID8026488"	1	1	0	0	0	1	0	0	0	0	0	0	0	0	0	0
"DTXSID8026640"	1	1	1	0	0	0	0	0	0	0	0	0	0	0	0	0
"DTXSID8026698"	1	1	0	0	0	1	0	0	0	0	0	0	0	0	0	0
"DTXSID8026727"	1	1	0	0	0	1	0	0	0	0	0	0	0	0	0	0
"DTXSID8026773"	1	1	0	0	0	1	0	0	0	0	0	0	1	0	0	0
"DTXSID8027034"	1	1	0	0	0	0	0	1	0	0	0	0	0	0	0	0
"DTXSID8027036"	1	1	0	0	0	1	0	0	0	0	0	0	0	0	0	0
"DTXSID8027246"	1	1	0	0	0	1	0	0	0	0	0	0	0	0	0	0
"DTXSID8027292"	1	1	0	0	0	1	0	0	0	0	0	0	0	0	0	0
"DTXSID8027373"	0	1	0	0	0	1	0	0	0	0	0	0	0	0	0	0
"DTXSID8027454"	1	1	0	0	0	1	0	0	0	0	0	0	0	0	0	0
"DTXSID8027581"	1	1	1	0	0	0	0	0	0	0	0	0	0	0	0	0
"DTXSID8027589"	1	1	0	0	0	1	0	0	0	0	0	0	0	0	0	0
"DTXSID8029105"	1	1	0	0	0	1	0	0	0	0	0	0	0	0	0	0
"DTXSID8029153"	1	1	0	0	0	1	0	0	0	0	0	0	0	0	0	0
"DTXSID8029282"	1	1	0	0	0	0	0	1	0	0	0	0	0	0	0	0
"DTXSID8029317"	1	1	0	0	0	1	0	0	0	0	0	0	0	0	0	0
"DTXSID8029600"	1	1	0	0	0	1	0	0	0	0	0	0	0	0	0	0
"DTXSID8029650"	1	1	0	0	0	1	0	0	0	0	0	0	0	0	0	0
"DTXSID8029868"	1	1	0	0	1	0	0	0	0	0	0	0	0	0	0	0
"DTXSID8031077"	1	1	1	0	0	0	0	0	0	0	0	0	1	0	0	0
"DTXSID8031863"	1	1	1	0	0	0	1	0	0	0	0	0	0	0	0	0
"DTXSID8031865"	1	1	1	0	1	0	0	0	0	0	0	0	0	0	0	0
"DTXSID8032330"	0	1	0	0	0	0	0	0	0	0	0	1	0	0	0	0
"DTXSID8032386"	1	1	1	1	0	0	0	0	0	0	0	0	0	0	0	0
"DTXSID8032417"	1	1	1	0	0	0	0	0	0	0	0	0	0	0	0	0
"DTXSID8032544"	1	1	1	0	0	0	0	0	0	0	0	0	0	0	0	0
"DTXSID8032548"	1	1	1	0	1	0	0	0	0	0	0	0	0	0	0	0
"DTXSID8032623"	1	1	0	0	0	1	0	0	0	0	0	0	0	0	0	0
"DTXSID8032673"	1	1	1	0	1	0	0	0	0	0	0	0	0	0	0	0
"DTXSID8033562"	1	1	1	0	0	0	0	0	0	0	0	0	0	0	0	0
"DTXSID8034401"	1	1	1	1	0	0	0	0	0	0	0	0	0	0	0	0
"DTXSID8034580"	1	1	1	0	1	0	0	0	0	0	0	0	0	0	0	0
"DTXSID8034586"	1	1	1	1	1	0	0	0	0	0	0	0	0	0	0	0
"DTXSID8034588"	1	1	1	0	0	0	0	0	0	0	0	0	0	0	0	0
"DTXSID8034665"	1	1	1	0	0	0	1	0	0	0	0	0	0	0	0	0
"DTXSID8034871"	1	1	1	0	0	0	0	0	0	0	0	0	0	0	0	0
"DTXSID8034877"	1	1	1	0	1	0	1	0	0	0	0	0	0	0	0	0
"DTXSID8034956"	1	1	1	0	1	0	0	0	0	0	0	0	0	0	0	0
"DTXSID8035180"	1	1	1	0	0	0	0	0	0	0	0	1	0	0	0	0
"DTXSID8037594"	1	1	1	0	0	0	0	0	0	0	0	0	0	0	0	0
"DTXSID8037706"	1	1	1	0	0	0	0	0	0	0	0	1	0	0	0	0
"DTXSID8037708"	1	1	1	0	0	0	1	0	0	0	0	0	0	0	0	0
"DTXSID8037750"	1	1	0	0	0	0	0	0	1	0	0	0	0	0	0	0
"DTXSID8037752"	1	1	0	0	0	0	0	1	0	0	0	0	0	0	0	0
"DTXSID8040147"	0	1	1	0	1	0	0	0	0	0	0	0	0	0	0	0
"DTXSID8040222"	1	1	1	0	0	0	1	0	0	0	0	0	0	0	0	0
"DTXSID8040694"	1	1	1	0	0	0	0	0	0	0	0	0	0	0	0	0
"DTXSID8041248"	1	1	1	0	0	0	0	0	0	0	0	0	0	0	0	0
"DTXSID8042424"	1	1	1	0	0	0	1	0	0	0	0	0	0	0	0	0
"DTXSID8044175"	1	1	0	0	0	0	0	1	0	0	0	0	0	0	0	0
"DTXSID8044464"	1	1	0	0	0	1	0	0	0	0	0	0	0	0	0	0
"DTXSID8044545"	1	1	1	0	0	0	0	0	0	0	0	0	0	0	0	0
"DTXSID8044591"	1	1	0	0	0	1	0	0	0	0	0	0	0	0	0	0
"DTXSID8044593"	1	1	1	0	0	0	1	0	0	0	0	0	0	0	0	0
"DTXSID8044830"	1	1	0	0	0	1	0	0	0	0	0	0	0	0	0	0
"DTXSID8044836"	1	1	1	0	0	0	1	0	0	0	0	0	0	0	0	0
"DTXSID8044961"	1	1	0	0	0	0	0	0	0	1	0	0	0	0	0	0
"DTXSID8045191"	1	1	1	0	0	0	1	0	0	0	0	0	0	0	0	0
"DTXSID8045193"	1	0	1	0	0	0	0	0	0	0	0	0	0	0	0	0
"DTXSID8045486"	1	0	1	0	0	0	0	0	0	0	0	0	0	0	0	0
"DTXSID8046666"	1	1	0	0	0	1	0	0	0	0	0	0	0	0	0	0
"DTXSID8047050"	1	1	1	0	0	0	0	0	0	0	0	0	0	0	0	0
"DTXSID8047266"	1	1	1	0	0	0	0	0	0	0	0	0	0	0	0	0
"DTXSID8047553"	1	1	1	0	0	0	0	0	0	0	0	0	0	0	0	0
"DTXSID8047769"	1	1	0	0	0	1	0	0	0	0	0	0	0	0	0	0
"DTXSID8048492"	0	0	0	0	1	0	0	0	0	0	0	0	0	0	0	0
"DTXSID8048785"	1	0	1	0	1	0	0	0	0	0	0	0	0	0	0	0
"DTXSID8052148"	0	1	0	0	0	0	0	0	0	1	1	0	0	0	0	0
"DTXSID80859119"	0	0	1	0	0	0	0	0	0	0	0	0	0	0	0	0
"DTXSID9020035"	0	0	1	0	0	0	0	0	0	1	1	0	0	0	0	0
"DTXSID9020083"	1	0	0	0	0	0	0	0	0	0	0	0	0	1	0	1
"DTXSID9020087"	1	1	0	0	0	1	0	0	0	0	0	0	0	0	0	0
"DTXSID9020089"	1	1	1	1	0	0	0	0	0	0	0	0	1	0	0	0
"DTXSID9020112"	1	1	1	0	0	0	1	0	0	0	0	0	0	0	0	0
"DTXSID9020114"	1	1	1	0	0	0	1	0	0	0	0	0	0	0	0	0
"DTXSID9020116"	1	1	0	0	0	0	0	0	0	0	0	1	0	0	0	0
"DTXSID9020160"	1	1	1	1	0	0	0	0	0	0	0	0	0	0	0	0
"DTXSID9020241"	1	1	0	0	0	1	0	0	1	0	0	0	1	0	0	0
"DTXSID9020243"	1	1	0	0	0	0	0	1	0	0	0	0	0	0	0	0
"DTXSID9020247"	1	1	1	0	1	0	1	0	0	0	0	1	0	0	0	0
"DTXSID9020249"	1	1	1	0	0	0	0	0	0	0	0	0	0	0	0	0
"DTXSID9020293"	1	1	0	0	0	0	0	1	0	0	0	0	0	0	0	0
"DTXSID9020295"	1	1	1	0	0	0	1	0	0	0	0	0	0	0	0	0
"DTXSID9020370"	1	1	1	0	0	0	0	0	0	0	0	0	0	0	0	0
"DTXSID9020374"	1	1	1	0	0	0	0	0	0	0	0	0	0	0	0	0
"DTXSID9020376"	1	1	0	0	0	1	0	1	0	0	0	0	0	0	0	0
"DTXSID9020407"	1	1	1	0	0	0	0	0	0	0	0	1	0	0	0	0
"DTXSID9020409"	1	1	0	0	0	0	0	1	0	0	0	0	0	0	0	0
"DTXSID9020453"	1	1	1	0	0	0	0	0	0	0	0	1	0	0	0	0
"DTXSID9020582"	1	1	1	0	0	0	1	0	0	0	0	0	0	0	0	0
"DTXSID9020584"	1	1	1	0	1	0	0	0	0	0	0	0	1	0	0	0
"DTXSID9020615"	1	0	1	0	0	0	0	0	0	0	0	0	0	0	0	0
"DTXSID9020617"	1	1	1	0	0	0	0	0	0	0	0	0	0	0	0	0
"DTXSID9020663"	1	1	0	0	0	1	0	0	0	0	0	1	1	0	0	0
"DTXSID9020667"	1	0	0	0	0	0	0	0	0	0	0	0	1	0	0	0
"DTXSID9020740"	1	1	1	0	1	0	1	0	0	0	0	0	0	0	0	0
"DTXSID9020790"	1	1	1	0	0	0	1	0	0	0	0	0	0	0	0	0
"DTXSID9020792"	1	1	0	0	0	1	0	0	0	0	0	0	0	0	0	0
"DTXSID9020794"	1	1	0	0	0	0	0	1	0	0	0	1	0	0	0	0
"DTXSID9020827"	1	1	1	0	0	0	0	0	0	0	0	0	0	0	0	0
"DTXSID9020877"	1	1	0	0	0	1	0	0	0	0	0	0	0	0	0	0
"DTXSID9021130"	1	1	0	0	0	1	0	0	0	0	0	0	0	0	0	0
"DTXSID9021136"	1	1	0	0	0	1	0	0	0	0	0	0	0	0	0	0
"DTXSID9021138"	1	1	0	0	0	1	0	0	0	0	0	0	0	0	0	0
"DTXSID9021184"	1	1	1	0	0	0	1	0	0	0	0	0	0	0	0	0
"DTXSID9021215"	1	1	0	0	0	0	0	0	0	0	0	0	1	0	0	0
"DTXSID9021217"	1	1	1	0	0	0	1	0	0	0	0	0	0	0	0	0
"DTXSID9021342"	1	1	0	0	0	0	0	0	1	0	0	0	0	0	0	0
"DTXSID9021348"	1	1	0	0	0	0	0	1	0	0	0	0	0	0	0	0
"DTXSID9021390"	1	1	0	0	0	0	0	1	0	0	0	0	0	0	0	0
"DTXSID9021392"	1	1	0	0	0	0	0	0	0	0	0	0	1	0	0	0
"DTXSID9021427"	1	1	0	0	0	0	0	1	0	0	0	0	0	0	0	0
"DTXSID9021554"	1	1	0	0	0	1	0	0	0	0	0	0	0	0	0	0
"DTXSID9021639"	1	1	0	0	0	1	0	0	0	0	0	0	0	0	0	0
"DTXSID9021683"	1	1	0	0	0	1	0	0	0	0	0	0	0	0	0	0
"DTXSID9021764"	1	1	0	0	0	1	0	0	0	0	0	0	1	0	0	0
"DTXSID9021897"	1	1	0	0	0	1	0	0	0	0	0	0	0	0	0	0
"DTXSID9021928"	1	1	0	0	0	0	0	1	0	0	0	0	0	0	0	0
"DTXSID9021976"	1	1	1	0	0	0	0	0	0	0	0	0	0	0	0	0
"DTXSID9022100"	1	1	0	0	0	0	0	1	0	0	0	0	0	0	0	0
"DTXSID9022310"	1	1	1	0	1	0	1	0	0	0	0	0	0	0	0	0
"DTXSID9022312"	1	1	1	1	0	0	0	0	0	0	0	0	0	0	0	0
"DTXSID9022360"	1	1	1	0	1	0	0	1	0	0	0	0	0	0	0	0
"DTXSID9022364"	1	1	1	0	1	0	0	0	0	0	0	0	0	0	0	0
"DTXSID9022366"	1	1	0	0	1	0	0	0	0	0	0	0	0	0	0	0
"DTXSID9022445"	1	1	0	0	0	1	0	0	0	0	0	0	0	0	0	0
"DTXSID9022520"	1	1	0	0	0	1	0	0	0	0	0	0	0	0	0	0
"DTXSID9022522"	1	1	1	0	0	0	0	0	0	0	0	0	0	0	0	0
"DTXSID9022524"	1	1	0	0	0	0	0	1	0	0	0	1	0	0	0	0
"DTXSID9022526"	1	1	1	0	0	0	0	0	0	0	0	0	0	0	0	0
"DTXSID9022528"	1	1	1	0	1	0	0	0	0	0	0	0	0	0	0	0
"DTXSID90225503"	0	0	0	0	0	0	0	0	0	0	0	0	1	0	0	0
"DTXSID9022786"	0	0	1	0	1	0	0	0	0	0	0	0	0	0	0	0
"DTXSID9022817"	1	1	1	0	0	0	1	0	0	0	0	0	0	0	0	0
"DTXSID9022940"	1	0	1	0	1	0	0	0	0	0	0	0	0	0	0	0
"DTXSID9023045"	0	0	1	0	0	0	0	0	0	0	0	0	0	0	0	0
"DTXSID9023122"	1	0	1	0	0	0	0	0	0	0	0	0	0	0	0	0
"DTXSID9023126"	0	0	0	0	0	0	0	0	0	0	0	0	1	0	0	0
"DTXSID9023203"	0	0	0	0	0	0	0	0	0	0	0	0	1	0	0	0
"DTXSID9023334"	0	0	1	0	0	0	0	0	0	0	0	0	0	0	0	0
"DTXSID9023336"	0	0	1	0	0	0	0	0	0	0	0	0	0	0	0	0
"DTXSID9023380"	1	1	1	0	1	0	1	0	0	0	0	0	0	0	0	0
"DTXSID9023384"	0	0	1	0	0	0	0	0	0	0	0	0	0	0	0	0
"DTXSID9023752"	1	1	1	0	0	0	0	0	0	0	0	0	0	0	0	0
"DTXSID9023881"	1	1	1	1	0	0	0	0	0	0	0	0	1	0	0	0
"DTXSID9023914"	1	1	1	0	0	0	1	0	0	0	0	0	1	0	0	0
"DTXSID9024063"	1	1	1	0	0	0	0	0	0	0	0	0	0	0	0	0
"DTXSID9024065"	1	1	1	0	1	0	0	0	0	0	0	0	0	0	0	0
"DTXSID9024304"	1	1	1	0	0	0	0	0	0	0	0	0	0	0	0	0
"DTXSID9024489"	1	1	1	0	0	0	1	0	0	0	0	0	1	0	0	0
"DTXSID9024699"	1	1	0	0	0	0	0	0	0	0	0	0	1	0	0	0
"DTXSID9024986"	1	1	0	0	1	0	0	1	0	0	0	0	0	0	0	0
"DTXSID9025110"	1	1	0	0	0	0	0	1	0	0	0	0	0	0	0	0
"DTXSID9025291"	1	1	0	0	0	1	0	0	0	0	0	0	0	0	0	0
"DTXSID9025293"	1	1	0	0	0	0	0	0	0	1	1	0	0	0	0	0
"DTXSID9025453"	1	1	0	0	0	1	0	0	0	0	0	0	0	0	0	0
"DTXSID9025536"	1	1	1	0	0	0	1	0	0	0	0	0	0	0	0	0
"DTXSID9025661"	1	0	0	0	0	0	0	0	0	0	0	0	1	0	0	0
"DTXSID9025796"	1	1	1	0	1	0	0	0	0	0	0	0	0	0	0	0
"DTXSID9026132"	1	1	1	0	0	0	1	0	0	0	0	0	0	0	0	0
"DTXSID9026261"	1	1	1	0	0	0	1	0	0	0	0	1	0	0	0	0
"DTXSID9026265"	1	1	0	0	0	0	0	1	0	0	0	0	0	0	0	0
"DTXSID9026342"	1	1	0	0	0	1	0	0	0	0	0	0	0	0	0	0
"DTXSID9027312"	1	1	0	0	0	1	0	0	0	0	0	0	0	0	0	0
"DTXSID9027441"	1	1	1	0	0	0	0	0	0	0	0	0	0	0	0	0
"DTXSID9027522"	1	1	1	0	0	0	0	0	0	0	0	0	0	0	0	0
"DTXSID9027528"	1	1	0	0	0	0	0	1	0	0	0	0	0	0	0	0
"DTXSID9029221"	1	1	1	0	0	0	0	0	0	0	0	0	0	0	0	0
"DTXSID9029304"	1	1	0	0	0	1	0	0	0	0	0	0	0	0	0	0
"DTXSID9032113"	1	1	1	0	0	0	1	0	0	0	0	1	0	0	0	0
"DTXSID9032327"	1	1	1	0	0	0	1	0	0	0	0	0	0	0	0	0
"DTXSID9032329"	1	1	1	0	1	0	0	0	0	0	0	0	0	0	0	0
"DTXSID9032379"	1	1	1	1	1	0	0	1	0	0	0	0	0	0	0	0
"DTXSID9032531"	1	1	0	0	0	0	0	1	0	0	0	0	0	0	0	0
"DTXSID9032535"	1	1	1	0	0	0	1	0	0	0	0	0	0	0	0	0
"DTXSID9032537"	1	1	1	1	0	0	0	0	0	0	0	0	0	0	0	0
"DTXSID9032581"	1	1	1	0	1	0	0	0	0	0	0	0	0	0	0	0
"DTXSID9032610"	1	1	0	0	0	0	0	1	0	0	0	1	0	0	0	0
"DTXSID9033058"	1	1	0	0	0	0	0	1	0	0	0	0	0	0	0	0
"DTXSID9033923"	1	1	1	0	0	0	1	0	0	0	0	0	0	0	0	0
"DTXSID9034232"	1	1	1	0	0	0	0	0	0	0	0	0	0	0	0	0
"DTXSID9034286"	1	1	0	0	0	1	0	0	0	0	0	0	0	0	0	0
"DTXSID9034361"	1	1	1	0	0	0	0	0	0	0	0	0	0	0	0	0
"DTXSID9034365"	1	1	0	0	0	0	0	1	0	0	0	0	0	0	0	0
"DTXSID9034490"	1	1	0	0	0	0	0	1	0	0	0	0	0	0	0	0
"DTXSID9034492"	1	1	1	0	0	0	0	0	0	0	0	0	0	0	0	0
"DTXSID9034573"	0	1	1	0	0	0	1	0	0	0	0	0	0	0	0	0
"DTXSID9034650"	0	1	1	0	1	0	0	0	0	0	0	0	0	0	0	0
"DTXSID9034816"	1	1	1	0	0	0	1	0	0	0	0	0	0	0	0	0
"DTXSID9034818"	1	1	1	0	0	0	0	0	0	0	0	0	0	0	0	0
"DTXSID9034864"	1	1	1	0	0	0	1	0	0	0	0	0	0	0	0	0
"DTXSID9034868"	0	1	1	1	0	0	0	0	0	0	0	0	0	0	0	0
"DTXSID9035175"	1	1	0	0	0	1	0	0	0	0	0	0	0	0	0	0
"DTXSID9035204"	1	1	0	0	0	0	0	1	0	0	0	1	0	0	0	0
"DTXSID9036515"	1	1	1	0	0	0	0	0	0	0	0	0	0	0	0	0
"DTXSID9036646"	1	1	0	0	0	1	0	0	0	0	0	0	0	0	0	0
"DTXSID9036690"	1	1	0	0	0	1	0	0	0	0	0	0	0	0	0	0
"DTXSID9037612"	1	1	1	0	0	0	0	0	0	0	0	0	0	0	0	0
"DTXSID9037741"	1	1	1	0	0	0	1	0	0	0	0	0	0	0	0	0
"DTXSID9039733"	0	1	0	0	0	1	0	0	0	0	0	0	0	0	0	0
"DTXSID9040001"	1	1	1	0	0	0	1	0	0	0	0	0	0	0	0	0
"DTXSID9040215"	1	1	0	0	0	0	0	0	0	1	0	0	0	0	0	0
"DTXSID9040554"	1	0	1	0	0	0	0	0	0	0	0	0	0	0	0	0
"DTXSID9040635"	1	1	0	0	0	1	0	0	0	0	0	0	0	0	0	0
"DTXSID9041152"	1	0	1	0	1	0	0	0	0	0	0	0	0	0	0	0
"DTXSID9041491"	1	1	0	0	0	1	0	0	0	0	0	0	0	0	0	0
"DTXSID9041653"	1	1	1	0	0	0	0	0	0	0	0	0	0	0	0	0
"DTXSID9042170"	1	1	0	0	0	1	0	0	0	1	1	0	0	0	0	0
"DTXSID9042209"	1	1	0	0	0	1	0	0	0	0	0	0	0	0	0	0
"DTXSID9042382"	1	1	0	0	0	1	0	0	0	0	0	0	0	0	0	0
"DTXSID9043938"	1	1	1	0	0	0	1	0	0	0	0	0	0	0	0	0
"DTXSID9044112"	1	1	0	0	0	0	0	0	0	0	0	0	1	0	0	0
"DTXSID9044328"	1	0	0	0	0	0	0	0	0	0	0	0	1	0	0	0
"DTXSID9044374"	1	1	0	0	0	1	0	0	0	0	0	0	0	0	0	0
"DTXSID9044532"	1	1	0	0	0	0	0	0	0	0	1	0	0	0	0	0
"DTXSID9044536"	1	1	0	0	0	1	0	0	0	0	0	0	0	0	0	0
"DTXSID9044538"	1	1	1	0	0	0	0	0	0	0	0	0	0	0	0	0
"DTXSID9044584"	1	1	0	0	0	0	0	0	0	0	0	1	0	0	0	0
"DTXSID9044663"	1	1	0	0	0	0	0	0	0	0	0	0	1	0	0	0
"DTXSID9044742"	1	1	0	0	0	1	0	0	0	0	0	0	0	0	0	0
"DTXSID9044746"	1	1	0	0	0	1	0	0	0	0	0	0	0	0	0	0
"DTXSID9044748"	1	1	0	0	0	1	0	0	0	0	0	0	0	0	0	0
"DTXSID9044821"	1	1	0	0	0	1	0	0	0	1	1	0	0	0	0	0
"DTXSID9044825"	1	1	1	0	0	0	1	0	0	0	0	0	0	0	0	0
"DTXSID9044900"	1	1	0	0	0	1	0	0	0	0	0	0	0	0	0	0
"DTXSID9044950"	1	1	1	0	0	0	0	0	0	0	0	0	0	0	0	0
"DTXSID9045184"	1	0	1	0	1	0	0	0	0	0	0	0	0	0	0	0
"DTXSID9047251"	1	1	1	0	0	0	1	0	0	0	0	0	0	0	0	0
"DTXSID9047257"	1	1	1	0	0	0	0	0	0	0	0	0	0	0	0	0
"DTXSID9047540"	1	1	1	0	0	0	0	0	0	0	0	0	0	0	0	0
"DTXSID9047592"	1	1	1	0	0	0	0	0	0	0	0	0	0	0	0	0
"DTXSID9047679"	1	1	0	0	0	1	0	0	0	0	0	0	0	0	0	0
"DTXSID9048196"	1	1	0	0	0	0	0	1	0	0	0	0	0	0	0	0
"DTXSID9048510"	1	1	1	0	0	0	1	0	0	0	0	0	0	0	0	0
"DTXSID9052476"	0	1	0	0	0	1	0	0	0	0	0	0	0	0	0	0
"DTXSID9052509"	1	1	0	0	0	1	0	0	0	0	0	0	0	0	0	0
"DTXSID9052555"	0	1	0	0	0	1	0	0	0	0	0	0	0	0	0	0
"DTXSID9057975"	0	0	0	0	0	0	0	0	0	0	0	1	0	0	0	0
"DTXSID9063451"	0	0	0	0	0	0	0	0	0	0	0	0	1	0	0	0
"DTXSID90862290"	0	0	0	0	0	0	0	0	0	0	0	0	1	0	0	0
"DTXSID90873366"	0	0	1	0	0	0	0	0	0	0	0	0	0	0	0	0
