"X"	"Mouse"	"Rat"	"Dog"	"Human"	"Monkey"	"Rabbit"	"Mouse.1"	"Rat.1"	"Dog.1"	"Human.1"	"Monkey.1"	"Rabbit.1"	"Mouse.2"	"Rat.2"	"Dog.2"	"Human.2"	"Monkey.2"	"RabbitRaw"	"Rabbit.2"
"Cardiac Output"	8	74	1200	5600	1086	530	150.42	209.3	213.39	231.4	324.79	266.58	1	1	1	1	1	1	NA
"Adipose"	0.1	0.4	35	260	20	32	4.06	1.13	6.22	10.74	5.98	16.1	0.027	0.005	0.029	0.046	0.018	0.06	0.057
"Adrenals"	0	0.2	2.4	16.8	2.9	1.4	0.4	0.63	0.43	0.69	0.87	0.71	0.003	0.003	0.002	0.003	0.003	0.003	0.003
"Bone"	0.2	9	13	235.2	1.2	30.9	8.77	25.54	2.31	9.72	0.35	15.54	0.058	0.122	0.011	0.042	0.058	0.058	0.055
"Brain"	0.3	1.3	45	700	72	28.2	4.96	3.68	8	28.93	21.53	14.2	0.033	0.018	0.038	0.125	0.066	0.053	0.05
"Heart"	0.3	3.9	54	240	60	16	5.26	11.03	9.6	9.92	17.94	8.05	0.035	0.053	0.045	0.043	0.055	0.03	0.028
"Kidney"	1.3	9.2	216	1240	138	80	24.44	26.02	38.41	51.24	41.27	40.24	0.163	0.124	0.18	0.221	0.127	0.151	0.142
"Hepatic Artery"	0.4	2	79	300	51	37	6.58	5.66	14.05	12.4	15.25	18.61	0.044	0.027	0.066	0.054	0.047	0.07	0.066
"Gut"	1.5	9.8	230	1150	125	111	27.26	27.72	40.9	47.52	37.38	55.83	0.181	0.132	0.192	0.205	0.115	0.209	0.197
"Liver"	1.8	11.8	309	1450	218	177	33.85	33.38	54.95	59.92	65.2	89.03	0.225	0.159	0.258	0.259	0.201	0.334	0.315
"Lung"	0	1.6	105.6	140	37.7	18.4	0.75	4.4	18.78	5.79	11.29	9.26	0.005	0.021	0.088	0.025	0.035	0.035	0.033
"Muscle"	0.9	7.5	250	750	90	155	17.11	21.21	44.46	30.99	26.92	77.96	0.114	0.101	0.208	0.134	0.083	0.292	0.275
"Skin"	0.4	5.8	100	300	54	35.3	7.71	16.4	17.78	12.4	16.15	17.76	0.051	0.078	0.083	0.054	0.05	0.067	0.063
"Thyroid"	0	0.9	34.1	89.6	17.4	8.5	2.41	3.35	3.41	3.7	5.2	4.27	0.016	0.016	0.016	0.016	0.016	0.016	0.015
"Spleen"	0	0.7	29.3	77	21	9	2.07	2.88	2.93	3.18	6.28	4.53	0.014	0.014	0.014	0.014	0.019	0.017	0.016
"Rest"	2.1	21.1	34.3	101.4	333.7	0	38.63	59.66	6.1	4.19	99.8	0	0.257	0.285	0.029	0.018	0.307	-0.062	0
"Urine"	0	0	0.2	1	0.3	150	0.01	0.1	0.04	0.04	0.08	75.45	NA	NA	NA	NA	NA	NA	NA
"Bile"	0	0	0.1	0.2	0.1	300	0.03	0.04	0.01	0.01	0.03	150.89	NA	NA	NA	NA	NA	NA	NA
"GFR"	0.3	1.3	61.3	125	10.4	7.8	5.26	3.71	10.9	5.17	3.11	3.92	NA	NA	NA	NA	NA	NA	NA
