"...1"	"Mouse...2"	"Rat...3"	"Dog...4"	"Human...5"	"Monkey...6"	"Rabbit...7"	"Mouse...8"	"Rat...9"	"Dog...10"	"Human...11"	"Monkey...12"	"Rabbit...13"	"Mouse...14"	"Rat...15"	"Dog...16"	"Human...17"	"Monkey...18"	"RabbitRaw"	"Rabbit...20"
"Cardiac Output"	8	74	1200	5600	1086	530	150.424123723456	209.303607231218	213.393529204671	231.400608681526	324.789755281249	266.575887092782	1	1	1	1	1	1	NA
"Adipose"	0.0812296721308022	0.4	35	260	20	32	4.06148360654011	1.13137084989848	6.22397793513623	10.7435996887851	5.98139512488488	16.0951478999416	0.0270002145002145	0.00540540540540541	0.0291666666666667	0.0464285714285714	0.0184162062615101	0.060377358490566	0.0568641063138473
"Adrenals"	0.00802261993191764	0.222	2.4	16.8	2.896	1.41333333333333	0.401130996595882	0.627910821693654	0.426787058409341	0.694201826044578	0.866106014083331	0.71086903224742	0.00266666666666667	0.003	0.002	0.003	0.00266666666666667	0.00266666666666667	0.00251149802886159
"Bone"	0.17532767309545	9.028	13	235.2	1.16555555555556	30.8872222222222	8.7663836547725	25.5350400822086	2.3117632330506	9.7188255646241	0.348582415889125	15.5354503089071	0.0582777777777778	0.122	0.0108333333333333	0.042	0.0582777777777778	0.0582777777777778	0.054886696505746
"Brain"	0.264	1.3	45	700	72	28.2314527027027	4.96399608287404	3.67695526217005	8.00225734517515	28.9250760851908	21.5330224495856	14.1996689587564	0.033	0.0175675675675676	0.0375	0.125	0.0662983425414365	0.0532668918918919	0.0501673852462762
"Heart"	0.28	3.9	54	240	60	16	5.26484433032095	11.0308657865101	9.60270881421018	9.91716894349398	17.9441853746546	8.04757394997079	0.035	0.0527027027027027	0.045	0.0428571428571429	0.0552486187845304	0.030188679245283	0.0284320531569237
"Kidney"	1.3	9.2	216	1240	138	80	24.4439201050616	26.0215295476649	38.4108352568407	51.2387062080522	41.2716263617057	40.2378697498539	0.1625	0.124324324324324	0.18	0.221428571428571	0.12707182320442	0.150943396226415	0.142160265784618
"Hepatic Artery"	0.35	2	79	300	51	37	6.58105541290119	5.65685424949238	14.0484073393075	12.3964611793675	15.2525575684565	18.6100147593074	0.04375	0.027027027027027	0.0658333333333333	0.0535714285714286	0.0469613259668508	0.069811320754717	0.0657491229253859
"Gut"	1.45	9.8	230	1150	125	111	27.2643724248763	27.7185858225127	40.9004264308952	47.519767854242	37.3837195305305	55.8300442779223	0.18125	0.132432432432432	0.191666666666667	0.205357142857143	0.115101289134438	0.209433962264151	0.197247368776158
"Liver"	1.8	11.8	309	1450	218	177	33.8454278377775	33.375440072005	54.9488337702027	59.9162290336094	65.1972068612452	89.0262868215518	0.225	0.159459459459459	0.2575	0.258928571428571	0.20073664825046	0.333962264150943	0.314529588048468
"Lung"	0.04	1.554	105.6	140	37.7385	18.4175	0.752120618617279	4.39537575185558	18.778630570011	5.78501521703815	11.2864439960234	9.26351207647419	0.005	0.021	0.088	0.025	0.03475	0.03475	0.0327279586886026
"Muscle"	0.91	7.5	250	750	90	155	17.1107440735431	21.2132034355964	44.4569852509731	30.9911529484187	26.916278061982	77.960872640342	0.11375	0.101351351351351	0.208333333333333	0.133928571428571	0.0828729281767956	0.292452830188679	0.275435514957698
"Skin"	0.41	5.8	100	300	54	35.3156410875161	7.7092363408271	16.4048773235279	17.7827941003892	12.3964611793675	16.1497668371892	17.7628270776508	0.05125	0.0783783783783784	0.0833333333333333	0.0535714285714286	0.0497237569060773	0.0666332850707851	0.0627560115419434
"Thyroid"	0.0481357195915058	0.853574116818683	34.1429646727473	89.6	17.376	8.48	2.40678597957529	3.34885771569949	3.41429646727473	3.70240973890442	5.19663608449999	4.26521419348452	0.016	0.016	0.016	0.016	0.016	0.016	0.0150689881731695
"Spleen"	0.0413666340239503	0.733540256641055	29.3416102656422	77	21	9	2.06833170119752	2.87792459942925	2.93416102656422	3.18175836937098	6.28046488112913	4.52676034685857	0.01375	0.01375	0.01375	0.01375	0.0193370165745856	0.0169811320754717	0.0159930299007696
"Rest"	2.05444272844273	21.0945	34.3000000000003	101.400000000001	333.699833333333	0	38.6297183957528	59.6642559829585	6.09949837643356	4.19000387862626	99.7995278137449	0	0.256805341055341	0.285060810810811	0.0285833333333336	0.0181071428571431	0.307274248004911	-0.0617833006524047	0
"Urine"	0.000694444444444444	0.0347222222222222	0.208333333333333	0.972222222222222	0.260416666666667	150	0.0130576496287722	0.0982092751647983	0.0370474877091442	0.0401737167849872	0.0778827490219386	75.4460057809761	NA	NA	NA	NA	NA	NA	NA
"Bile"	0.00138888888888889	0.015625	0.0833333333333333	0.243055555555556	0.0868055555555556	300	0.0261152992575444	0.0441941738241592	0.0148189950836577	0.0100434291962468	0.0259609163406462	150.892011561952	NA	NA	NA	NA	NA	NA	NA
"GFR"	0.28	1.31	61.3	125	10.4	7.8	5.26484433032095	3.70523953341751	10.9008527835386	5.16519215806978	3.11032546494014	3.92319230061076	NA	NA	NA	NA	NA	NA	NA
