"...1"	"Mouse...2"	"Rat...3"	"Dog...4"	"Human...5"	"Monkey...6"	"Rabbit...7"	"Mouse...8"	"Rat...9"	"Dog...10"	"Human...11"	"Monkey...12"	"Rabbit...13"	"Mouse...14"	"Rat...15"	"Dog...16"	"Human...17"	"Monkey...18"	"RabbitRaw"	"Rabbit...20"
"Cardiac Output"	8	74	1200	5600	1086	530	150.4	209.3	213.4	231.4	324.8	266.6	1	1	1	1	1	1	NA
"Adipose"	0.08123	0.4	35	260	20	32	4.061	1.131	6.224	10.74	5.981	16.1	0.027	0.005405	0.02917	0.04643	0.01842	0.06038	0.05686
"Adrenals"	0.008023	0.222	2.4	16.8	2.896	1.413	0.4011	0.6279	0.4268	0.6942	0.8661	0.7109	0.002667	0.003	0.002	0.003	0.002667	0.002667	0.002511
"Bone"	0.1753	9.028	13	235.2	1.166	30.89	8.766	25.54	2.312	9.719	0.3486	15.54	0.05828	0.122	0.01083	0.042	0.05828	0.05828	0.05489
"Brain"	0.264	1.3	45	700	72	28.23	4.964	3.677	8.002	28.93	21.53	14.2	0.033	0.01757	0.0375	0.125	0.0663	0.05327	0.05017
"Heart"	0.28	3.9	54	240	60	16	5.265	11.03	9.603	9.917	17.94	8.048	0.035	0.0527	0.045	0.04286	0.05525	0.03019	0.02843
"Kidney"	1.3	9.2	216	1240	138	80	24.44	26.02	38.41	51.24	41.27	40.24	0.1625	0.1243	0.18	0.2214	0.1271	0.1509	0.1422
"Hepatic Artery"	0.35	2	79	300	51	37	6.581	5.657	14.05	12.4	15.25	18.61	0.04375	0.02703	0.06583	0.05357	0.04696	0.06981	0.06575
"Gut"	1.45	9.8	230	1150	125	111	27.26	27.72	40.9	47.52	37.38	55.83	0.1812	0.1324	0.1917	0.2054	0.1151	0.2094	0.1972
"Liver"	1.8	11.8	309	1450	218	177	33.85	33.38	54.95	59.92	65.2	89.03	0.225	0.1595	0.2575	0.2589	0.2007	0.334	0.3145
"Lung"	0.04	1.554	105.6	140	37.74	18.42	0.7521	4.395	18.78	5.785	11.29	9.264	0.005	0.021	0.088	0.025	0.03475	0.03475	0.03273
"Muscle"	0.91	7.5	250	750	90	155	17.11	21.21	44.46	30.99	26.92	77.96	0.1138	0.1014	0.2083	0.1339	0.08287	0.2925	0.2754
"Skin"	0.41	5.8	100	300	54	35.32	7.709	16.4	17.78	12.4	16.15	17.76	0.05125	0.07838	0.08333	0.05357	0.04972	0.06663	0.06276
"Thyroid"	0.04814	0.8536	34.14	89.6	17.38	8.48	2.407	3.349	3.414	3.702	5.197	4.265	0.016	0.016	0.016	0.016	0.016	0.016	0.01507
"Spleen"	0.04137	0.7335	29.34	77	21	9	2.068	2.878	2.934	3.182	6.28	4.527	0.01375	0.01375	0.01375	0.01375	0.01934	0.01698	0.01599
"Rest"	2.054	21.09	34.3	101.4	333.7	0	38.63	59.66	6.099	4.19	99.8	0	0.2568	0.2851	0.02858	0.01811	0.3073	-0.06178	0
"Urine"	0.0006944	0.03472	0.2083	0.9722	0.2604	150	0.01306	0.09821	0.03705	0.04017	0.07788	75.45	NA	NA	NA	NA	NA	NA	NA
"Bile"	0.001389	0.01562	0.08333	0.2431	0.08681	300	0.02612	0.04419	0.01482	0.01004	0.02596	150.9	NA	NA	NA	NA	NA	NA	NA
"GFR"	0.28	1.31	61.3	125	10.4	7.8	5.265	3.705	10.9	5.165	3.11	3.923	NA	NA	NA	NA	NA	NA	NA
