DTXSID	Compound	CAS	logP	MW	pKa_Accept	pKa_Donor	Human.Clint	Human.Clint.pValue	Human.Funbound.plasma	Human.Rblood2plasma	Css.HTTK.Classic	Css.HTTK.Exhale	Css.HTTK.PFAS	Css.ML	Frac.Metabolism	Frac.Glomerular	Frac.Exhalation	Css.Exhale.FoldChange	Css.PFAS.FoldChange	ML.Class	InVitroMetabolism
DTXSID00192353	8:2 fluorotelomer sulfonic acid	39108-34-4	6.183	528.2	 	-2.61	0,0,0,0.997	0.997	0.0385,0.0356,0.0418	NA	15.8	15.8	1580	10350	0	1	0	1	100	4	No
DTXSID00379268	3:3 fluorotelomer carboxylic acid	356-02-5	3.936	242.1	 	2.71	0,0,0,0.979	0.979	0.049,0.046,0.0524	NA	21.21	21.21	212.1	618.6	0	1	0	1	10	3	No
DTXSID00380798	1h,1h,11h,11h-perfluorotetraethylene glycol	330562-44-2	3.613	410.1	 	11.6,12.2	5.23,0,7.23,0.0332	NA	0.0115,0.00983,0.0139	NA	4.708	4.709	NA	NA	NA	NA	NA	1	NA	4	Yes
DTXSID0059871	Pentafluoropropionamide	354-76-7	0.8185	163	 	8.12	0,0,0,0.823	0.0875	0.754,0.514,0.973	NA	2.102	2.095	2.095	61.24	0	0.9962	0.003666	0.997	0.997	2	No
DTXSID0059879	1h,1h,5h-perfluoropentanol	355-80-6	2.191	232.1	 	12.6	3.83,0,6.07,0.0364	NA	0.791,0.482,0.989	NA	0.3043	0.3004	0.3102	34.78	0.8714	0.1347	2.348e-06	0.987	1.02	2	Yes
DTXSID00880026	Potassium perfluorooctanoate (kpfoa)	2395-00-8	0.2775	452.2	 	-4.2	0,0,0,0.951	0.951	0.0103,0.00958,0.0111	NA	53.83	53.83	5383	12080	0	1	0	1	100	4	No
DTXSID1032646	Sulfluramid	4151-50-2	6.796	527.2	 	3.64	0,0,0,0.0589	0.0589	0.0241,0.023,0.0253	NA	23.9	23.9	2390	10370	0	1	0	1	100	4	No
DTXSID1037303	Perfluoroheptanoic acid	375-85-9	2.059	364.1	 	-2.29	0,0,0,0.949	0.949	0.000441,0.000408,0.000476	NA	1506	1506	150600	14470	0	1	0	1	100	4	No
DTXSID10382147	3-(perfluoro-2-butyl)propane-1,2-diol	125070-38-4	2.398	294.1	 	14.1	4.6,0,6.57,0.258	NA	0.364,0.255,0.527	NA	3.898	3.898	NA	NA	NA	NA	NA	1	NA	4	Yes
DTXSID1062122	4:2 fluorotelomer alcohol	2043-47-2	3.268	264.1	 	 	306,0,332,0.0441	NA	0.235,0.13,0.428	NA	0.02192	0.02189	0.02204	142.3	0.9997	0.0002068	1.3e-08	0.999	1.01	3	Yes
DTXSID1067629	N-methylperfluorooctanesulfonamide	31506-32-8	5.266	513.2	 	3.47	48.7,40.3,60.3,0	0	0.0107,0.01,0.0113	NA	0.5123	0.5118	0.518	10460	1	0.0001298	0	0.999	1.01	4	Yes
DTXSID20179883	2-(perfluorohexyl)ethylphosphonic acid	252237-40-4	3.275	428.1	 	1.81,8.29	0,0,0,1	1	0.00406,0.00352,0.00471	NA	144.3	144.3	NA	NA	NA	NA	NA	1	NA	4	No
DTXSID2060965	Heptafluorobutyramide	662-50-0	2.001	213.1	 	7.65	0,0,0,0.982	NA	0.566,0.477,0.695	NA	2.63	2.532	2.532	46.84	0	0.9626	0.03726	0.963	0.963	2	Yes
DTXSID20874028	2h,2h,3h,3h-perfluorooctanoic acid	914637-49-3	3.296	342.1	 	0.72	19,14.2,21.4,0	0	0.00616,0.00587,0.00646	NA	3.651	3.652	3.768	15560	1	0.0003271	0	1	1.03	4	Yes
DTXSID3031860	Perfluorodecanoic acid	335-76-2	4.151	514.1	 	-5.2	0,0,0,1	1	0.00291,0.00282,0.00301	NA	167.7	167.7	16770	10630	0	1	0	1	100	4	No
DTXSID3031862	Perfluorohexanoic acid	307-24-4	2.85	314.1	 	-0.78	0,0,0,0.998	0.998	0.0081,0.00743,0.00881	NA	98.57	98.57	985.7	476.8	0	1	0	1	10	3	No
DTXSID3031864	Perfluorooctane sulfonic acid	1763-23-1	5.609	500.1	 	-3.32	0,0,0,0.961	0.961	0.00874,0.0075,0.0101	0.6436	58.87	58.87	5887	10930	0	1	0	1	100	4	No
DTXSID30340244	1h,1h,7h-perfluoroheptyl 4-methylbenzenesulfonate	424-16-8	6.004	486.3	 	 	0,0,10,0.873	NA	0.116,0.1,0.145	NA	3766	3721	NA	NA	NA	NA	NA	0.988	NA	NA	Yes
DTXSID3037707	Potassium nonafluoro-1-butanesulfonate	29420-49-3	0.26	338.2	 	-3.31	0,0,0,1	1	0.00543,0.00508,0.00582	NA	136.6	136.6	1366	442.8	0	1	0	1	10	3	No
DTXSID3037709	Potassium perfluorohexanesulfonate	3871-99-6	0.3976	438.2	 	-3.32	0,0,0,1	1	0.00131,0.00116,0.00146	NA	436.8	436.8	43680	12470	0	1	0	1	100	4	No
DTXSID30382063	Perfluoro-3,6-dioxaheptanoic acid	151772-58-6	1.845	296	 	-0.08	0,0,0,1	1	0.00321,0.00308,0.00334	NA	263.9	263.9	263.9	33.72	0	1	0	1	1	2	No
DTXSID3038939	Perfluorooctanesulfonamide	754-91-6	5.021	499.1	 	3.37	0,0,0,0.999	0.999	0.00451,0.0043,0.00479	10	111.8	111.8	11180	10950	0	1	0	1	100	4	No
DTXSID30396867	1h,1h,8h,8h-perfluorooctane-1,8-diol	90177-96-1	3.174	362.1	 	12.3,12.9	5.03,2.11,7.3,0.0156	NA	0.0465,0.0398,0.0564	NA	1.835	1.835	NA	NA	NA	NA	NA	1	NA	4	Yes
DTXSID3047558	"3,3,4,4,5,5,6,6,7,7,8,8,8-tridecafluorooctyl methacrylate"	2144-53-8	4.283	432.2	 	 	196.9	1e-04	0.102,0.0402,0.186	NA	0.09605	0.09601	0.09619	8673	1	1.167e-05	1.414e-05	1	1	4	Yes
DTXSID3059921	Perfluorotetradecanoic acid	376-06-7	5.1	714.1	 	-5.2	0,0,0,0.997	0.997	0.0269,0.0258,0.028	NA	13.37	13.37	1337	7651	0	1	0	1	100	4	No
DTXSID3059927	Hexafluoroamylene	376-90-9	0.8924	212.1	 	12.3,12.9	0,0,4.07,0.864	0.0017	0.627,0.529,0.765	NA	1.953	1.953	NA	NA	NA	NA	NA	1	NA	4	Yes
DTXSID30891564	4:2 fluorotelomer sulfonic acid	757124-72-4	3.259	328.2	 	-2.64	0,0,0,0.973	0.973	0.00657,0.00597,0.00722	NA	116.3	116.3	11630	16650	0	1	0	1	100	4	No
DTXSID40380257	3-(perfluoroisopropyl)-2-propenoic acid (isppra)	243139-64-2	2.372	240.1	 	2.73	0,0,0,0.992	0.992	0.0777,0.0703,0.0867	NA	13.44	13.44	134.4	623.7	0	1	0	1	10	3	No
DTXSID40880025	Sodium perfluorooctanoate (napfoa)	335-95-5	2.693	436.1	 	-4.2	0,0,0,0.995	0.995	0.000933,0.000766,0.00112	NA	616.3	616.3	61630	12530	0	1	0	1	100	4	No
DTXSID50226894	9h-perfluorononanoic acid	76-21-1	4.016	446.1	 	-5.2	0,0,0,0.951	0.951	0.000879,0.000776,0.00101	NA	639.7	639.7	63970	12250	0	1	0	1	100	4	No
DTXSID5030030	Perfluorobutanesulfonic acid	375-73-5	3.117	300.1	 	-3.31	0,0,0,0.968	0.968	0.0151,0.0147,0.0155	0.333	55.33	55.33	553.3	499	0	1	0	1	10	3	No
DTXSID50369896	1h,1h,10h,10h-perfluorodecane-1,10-diol	754-96-1	4.17	462.1	 	12.3,12.9	115,79,165,0	1e-04	0.00408,4.48e-12,0.0055	NA	0.4054	0.4053	NA	NA	NA	NA	NA	1	NA	4	Yes
DTXSID50379814	Perfluoro(2-ethoxyethanesulfonic acid) (pfeoes)	113507-82-7	2.985	316.1	 	-3.32	0,0,0,0.249	0.249	0.00174,0.0016,0.00188	NA	456	456	45600	17290	0	1	0	1	100	4	No
DTXSID50381073	Perfluoro-3,6-dioxadecanoic acid	137780-69-9	4.042	446.1	 	-1.77	0,0,0,0.999	0.999	0.000954,0.000865,0.00106	NA	589.4	589.4	58940	12250	0	1	0	1	100	4	No
DTXSID50469320	Perfluorohexanesulfonamide	41997-13-1	3.249	399.1	 	3.37	0,0,0,0.99	0.99	0.000435,0.000406,0.000466	NA	1445	1445	144500	13700	0	1	0	1	100	4	No
DTXSID5061954	11-h-perfluoroundecanoic acid	1765-48-6	4.888	546.1	 	-5.2	0,0,0,0.95	0.95	0.00167,0.00151,0.00184	NA	275.3	275.3	27530	10010	0	1	0	1	100	4	No
DTXSID50892417	4h-perfluorobutanoic acid	679-12-9	1.709	196	 	1.52	0,0,0,0.997	0.997	0.197,0.163,0.231	NA	6.494	6.494	6.494	50.93	0	1	5.396e-05	1	1	2	No
DTXSID60379269	3-(perfluoropropyl)propanol	679-02-7	2.313	228.1	 	 	0,0,77.3,0.722	NA	0.202,0.14,0.295	NA	7.093	7.092	7.092	43.76	0	1	6.145e-05	1	1	2	Yes
DTXSID60400587	Nonafluoropentanamide	13485-61-5	1.967	263.1	 	6.41	88.7,62.7,122,0.00568	NA	0.192,0.166,0.228	NA	0.02703	0.02713	0.02772	107.7	0.9961	0.004751	4e-09	1	1.03	3	Yes
DTXSID6062599	Perfluoropentanoic acid	2706-90-3	1.353	264	 	0.34	0,0,0,0.999	0.999	0.0474,0.045,0.0499	NA	20.04	20.04	20.04	37.81	0	1	0	1	1	2	No
DTXSID6067331	6:2 fluorotelomer sulfonic acid	27619-97-2	3.727	428.2	 	-2.72	0,0,0,0.949	0.949	0.0141,0.0119,0.017	NA	41.56	41.56	4156	12760	0	1	0	1	100	4	No
DTXSID60892443	Sodium perfluorodecanesulfonate (pfds)	2806-15-7	3.66	622.1	 	-3.24	0,0,0,0.384	0.384	0.0534,0.0496,0.0576	NA	7.561	7.561	756.1	8783	0	1	0	1	100	4	No
DTXSID70191136	Perfluoro-3-methoxypropanoic acid	377-73-1	1.745	230	 	1	0,0,0,0.889	0.889	0.0605,0.0533,0.07	NA	18.02	18.02	18.02	43.4	0	1	0	1	1	2	No
DTXSID70366226	Perfluoropentanamide	355-81-7	2.11	245.1	 	7.26	0,0,3.04,0.925	NA	0.478,0.41,0.573	NA	2.545	2.545	254.5	22300	0	0.9998	0.0002159	1	100	4	Yes
DTXSID70379917	4,4,5,5,6,6,7,7,8,8,9,9,9-tridecafluorononanoic acid	27854-30-4	4.18	392.1	 	-0.83	0,0,0,0.987	0.987	0.00201,0.00174,0.00254	NA	318.1	318.1	31810	13940	0	1	0	1	100	4	No
DTXSID70381090	1h,1h,8h,8h-perfluoro-3,6-dioxaoctane-1,8-diol	129301-42-4	2.132	294.1	 	11.6,12.2	0,0,2.94,0.901	NA	0.191,0.124,0.335	NA	5.306	5.306	NA	NA	NA	NA	NA	1	NA	4	Yes
DTXSID7040150	Perfluorohexanesulfonic acid	355-46-4	2.203	400.1	 	-3.32	0,0,0,0.874	0.874	0.0013,0.00113,0.00149	0.588	482	482	48200	13660	0	1	0	1	100	4	No
DTXSID70565479	8h-perfluorooctanoic acid	13973-14-3	3.526	396.1	 	-3.08	0,0,0,0.95	0.95	0.00231,0.00215,0.00258	NA	274.1	274.1	27410	13800	0	1	0	1	100	4	No
DTXSID80108992	Perfluorooctanesulfonate	45298-90-6	5.609	499.1	 	-3.32	0,0,0,0.98	0.98	0.00569,0.00527,0.00616	NA	89.8	89.8	8980	10950	0	1	0	1	100	4	No
DTXSID80310730	Octafluoroadipamide	355-66-8	1.853	288.1	 	7.19,7.72	0,0,0,0.995	0.0127	0.864,0.717,0.986	NA	1.141	1.141	NA	NA	NA	NA	NA	1	NA	4	Yes
DTXSID8031863	Perfluorononanoic acid	375-95-1	3.538	464.1	 	-6.51	0,0,0,0.373	0.373	0.002,0.00177,0.00226	NA	355.6	355.6	35560	15500	0	1	0	1	100	4	No
DTXSID8031865	Perfluorooctanoic acid	335-67-1	3.106	414.1	 	-4.2	0,0,0,1	1	1.68e-07,2.76e-15,0.00199	0.6436	6056	6056	605600	13200	0	1	0	1	100	4	No
DTXSID8037706	Heptadecafluorooctanesulfonic acid potassium salt	2795-39-3	-1.079	538.2	 	-3.32	0,0,0,0.999	0.999	0.00601,0.00515,0.00705	NA	77.52	77.52	7752	10150	0	1	0	1	100	4	No
DTXSID8037708	Pentadecafluorooctanoic acid ammonium salt	3825-26-1	3.89	431.1	 	-4.2	0,0,0,0.109	0.109	0.00197,0.00163,0.00233	NA	359.9	359.9	35990	15450	0	1	0	1	100	4	No
DTXSID80380256	4,4-bis(trifluoromethyl)-4-fluoropropanoic acid (tfmfpa)	243139-62-0	3.894	242.1	 	2.67	0,0,0,0.999	0.999	0.107,0.0985,0.116	NA	9.745	9.745	97.45	618.6	0	1	0	1	10	3	No
DTXSID80380837	Perfluoro-3,6,9-trioxadecanoic acid	151772-59-7	4.056	412.1	 	-0.43	0,0,0,0.95	0.95	0.000383,0.000318,0.000454	NA	1589	1589	158900	13260	0	1	0	1	100	4	No
DTXSID8047553	Perfluoroundecanoic acid	2058-94-8	4.003	564.1	 	-5.2	0,0,0,0.95	0.95	0.0156,0.0149,0.0163	NA	28.54	28.54	2854	9690	0	1	0	1	100	4	No
DTXSID8051419	Perfluorooctanesulfonamido ammonium iodide (pfosaa)	1652-63-7	2.722	726.2	 	3.28	0,0,0,0.994	0.994	0.0139,0.0132,0.0147	NA	24.84	24.84	NA	NA	NA	NA	NA	1	NA	4	No
DTXSID8059920	Perfluoroheptanesulfonic acid	375-92-8	4.314	450.1	 	-3.32	0,0,0,0.999	0.999	0.000667,0.000594,0.000745	0.323	835.5	835.5	83550	12140	0	1	0	1	100	4	No
DTXSID8059970	Perfluoropropanoic acid	422-64-0	1.416	164	 	1.37	0,0,0,0.988	0.988	0.24,0.213,0.272	NA	6.372	6.371	6.371	60.87	0	1	8.596e-06	1	1	2	No
DTXSID90315130	Perfluoro-1-octanesulfonyl chloride  (pfos-cl)	423-60-9	7.319	518.6	 	 	0,0,0,1	1	0.0109	NA	3573	3526	152600	10540	0	0.4277	0.5723	0.987	42.7	4	No
DTXSID90382620	3-perfluoroheptylpropanoic acid	812-70-4	4.438	442.1	 	0.11	15.6,0,22.8,0.0334	0.0334	0.0055,0.00522,0.00581	NA	3.723	3.721	3.862	12210	0.9993	0.0003835	0	0.999	1.04	4	Yes
DTXSID9059832	Dodecafluoroheptanol	335-99-9	3.459	332.1	 	12.6	93.3,81.7,104,0	NA	0.0526,0.0361,0.0757	NA	0.1279	0.1279	0.1287	300	0.9995	0.0004522	3e-09	1	1.01	3	Yes
DTXSID90868151	Perfluorotridecanoic acid	72629-94-8	5.352	664.1	 	-5.2	0,0,0,0.992	0.992	0.0482,0.0455,0.0513	NA	8.454	8.454	845.4	8231	0	1	0	1	100	4	No
